START_PARAMETERS
TIME_STEP_ADIA =             0.001
GROUND_E =                -2.87863
INITIAL_E =               -2.83163
j_initial =               0.95
k_initial =               0.05
b_initial =               0
j_target =                0.8
k_target =                0.275
b_target =                0
init_target_dot_squared = 0.989909
init_state = [0.346917, 0, 0.509213, 0, 0.346917, 0, 0.346917, 0, 0.509213, 0, 0.346917, 0, ]
target_state = [0.308992, 0, 0.555921, 0, 0.308992, 0, 0.308992, 0, 0.555921, 0, 0.308992, 0, ]
USE_ENERGY_DISTANCE =     false
PERIODIC =                false
UNIFORM_SITES =           true
DEVICE_DIMENSION =        2
MAX_PARAM =               1
MIN_PARAM =               0
MIN_PARAM =               0
DIAG =                    false
NUM_SEEDS =               4
DISTANCE_LIMIT =          0.01
TAU_INIT =                0.1
MAX_TAU =                 5
TAU_SCALAR =              1.1
TAU_SCALAR_TINY =         1.05
TAU_SCALAR_BIG =          1.2
ACCEPTANCE_PROB =         0.85
TEMP_EXP_DECAY =          0.8
TEMP_DECAY_ITERATIONS =   25
TEMP_DECAY_LIMIT =        15
RANDOM_STATES =           3
INIT_OVERLAP_LIMIT =      0.99999
END_PARAMETERS
##############################################################################
tau =               0.1
total_steps =       100
time_step  =        0.001
best_mc_result  =           0.00988401
evolved_target_dot_squared =   0.990116
best_evolved_state = [0.334231, 0.0878625, 0.487706, 0.152584, 0.334231, 0.0878625, 0.334231, 0.0878625, 0.487706, 0.152584, 0.334231, 0.0878625, ]
distance  =         0.979512
clock_duration  =         0.003673
