START_PARAMETERS
DIAG =                       false
DIFFERENCE_LIMIT_ADIA =      0.01
TAU_INIT_ADIA =              0.1
MAX_TAU_ADIA =               20
TAU_SCALAR_ADIA =            1.15
TIME_STEP_ADIA =             0.001
g_initial =        0.1
f_initial =        1
g_targe t =        1
f_target =         0.1
j_initial =        0.1
k_initial =        0.9
b_initial =        0
j_target =         1
k_target =         0
b_target =         0
PERIODIC =         true
UNIFORM_SITES =    true
DEVICE_DIMENSION = 2
MAX_PARAM =        1
MIN_PARAM =        0
END_PARAMETERS




##############################################################################
##############################################################################
tau =               2.7
total_steps =       2700
ground_E =          -5.65685

tau_array = [0.1, 0.2, 0.3, 0.4, 0.5, 0.6, 0.7, 0.8, 0.9, 1, 1.1, 1.2, 1.3, 1.4, 1.5, 1.6, 1.7, 1.8, 1.9, 2, 2.1, 2.2, 2.3, 2.4, 2.5, 2.6, ]
best_E_array = [-0.969467, -1.2317, -1.63178, -2.12226, -2.65049, -3.16812, -3.63402, -4.0364, -4.36414, -4.62314, -4.82621, -4.98936, -5.12179, -5.23346, -5.3284, -5.40784, -5.47198, -5.52142, -5.55783, -5.58386, -5.60245, -5.61618, -5.62678, -5.6351, -5.64135, -5.64556, ]

