START_PARAMETERS
DIAG =                       false
DIFFERENCE_LIMIT_ADIA =      0.01
TAU_INIT_ADIA =              0.01
MAX_TAU_ADIA =               20
TAU_SCALAR_ADIA =            1.3
TIME_STEP_ADIA =             0.001
g_initial =        0.1
f_initial =        0.1
g_targe t =        0.5
f_target =         0.5
j_initial =        0.1
k_initial =        0.09
b_initial =        0.81
j_target =         0.5
k_target =         0.25
b_target =         0.25
PERIODIC =         true
UNIFORM_SITES =    true
DEVICE_DIMENSION = 2
MAX_PARAM =        1
MIN_PARAM =        0
END_PARAMETERS




##############################################################################
##############################################################################
tau =               1.91
total_steps =       1910
ground_E =          -4

tau_array = [0.01, 0.02, 0.03, 0.04, 0.05, 0.06, 0.07, 0.08, 0.09, 0.1, 0.11, 0.12, 0.13, 0.14, 0.15, 0.16, 0.17, 0.18, 0.19, 0.2, 0.21, 0.22, 0.23, 0.24, 0.25, 0.26, 0.27, 0.28, 0.29, 0.3, 0.31, 0.32, 0.33, 0.34, 0.35, 0.36, 0.37, 0.38, 0.39, 0.4, 0.41, 0.42, 0.43, 0.44, 0.45, 0.46, 0.47, 0.48, 0.49, 0.5, 0.51, 0.52, 0.53, 0.54, 0.55, 0.56, 0.57, 0.58, 0.59, 0.6, 0.61, 0.62, 0.63, 0.64, 0.65, 0.66, 0.67, 0.68, 0.69, 0.7, 0.71, 0.72, 0.73, 0.74, 0.75, 0.76, 0.77, 0.78, 0.79, 0.8, 0.81, 0.82, 0.83, 0.84, 0.85, 0.86, 0.87, 0.88, 0.89, 0.9, 0.91, 0.92, 0.93, 0.94, 0.95, 0.96, 0.97, 0.98, 0.99, 1, 1.01, 1.02, 1.03, 1.04, 1.05, 1.06, 1.07, 1.08, 1.09, 1.1, 1.11, 1.12, 1.13, 1.14, 1.15, 1.16, 1.17, 1.18, 1.19, 1.2, 1.21, 1.22, 1.23, 1.24, 1.25, 1.26, 1.27, 1.28, 1.29, 1.3, 1.31, 1.32, 1.33, 1.34, 1.35, 1.36, 1.37, 1.38, 1.39, 1.4, 1.41, 1.42, 1.43, 1.44, 1.45, 1.46, 1.47, 1.48, 1.49, 1.5, 1.51, 1.52, 1.53, 1.54, 1.55, 1.56, 1.57, 1.58, 1.59, 1.6, 1.61, 1.62, 1.63, 1.64, 1.65, 1.66, 1.67, 1.68, 1.69, 1.7, 1.71, 1.72, 1.73, 1.74, 1.75, 1.76, 1.77, 1.78, 1.79, 1.8, 1.81, 1.82, 1.83, 1.84, 1.85, 1.86, 1.87, 1.88, 1.89, 1.9, ]
best_E_array = [-3.92298, -3.92258, -3.9219, -3.92094, -3.91969, -3.91816, -3.91635, -3.91426, -3.9119, -3.90954, -3.90666, -3.90352, -3.90011, -3.89643, -3.8921, -3.88789, -3.88344, -3.87875, -3.87381, -3.86865, -3.86325, -3.85764, -3.85181, -3.84577, -3.83953, -3.83309, -3.82646, -3.81966, -3.81267, -3.80552, -3.79821, -3.79075, -3.78314, -3.7754, -3.76753, -3.75954, -3.75143, -3.74323, -3.73493, -3.72655, -3.7181, -3.70957, -3.70099, -3.69236, -3.68369, -3.67499, -3.66627, -3.65754, -3.64881, -3.64008, -3.63137, -3.62269, -3.61404, -3.60543, -3.59688, -3.58839, -3.57998, -3.57164, -3.56339, -3.55525, -3.54721, -3.53928, -3.53148, -3.52381, -3.51628, -3.5089, -3.50168, -3.49462, -3.48774, -3.48103, -3.47451, -3.46819, -3.46207, -3.45615, -3.45044, -3.44496, -3.4397, -3.43468, -3.42989, -3.42534, -3.42104, -3.41699, -3.4132, -3.40967, -3.4064, -3.4034, -3.40067, -3.39822, -3.39604, -3.39415, -3.39254, -3.39121, -3.39016, -3.38941, -3.38894, -3.38876, -3.38887, -3.38927, -3.38996, -3.39093, -3.3922, -3.39375, -3.39559, -3.39772, -3.40012, -3.40281, -3.40577, -3.40901, -3.41252, -3.4163, -3.42034, -3.42465, -3.42921, -3.43402, -3.43909, -3.44439, -3.44993, -3.45571, -3.46171, -3.46794, -3.47438, -3.48103, -3.48788, -3.49492, -3.50216, -3.50957, -3.51717, -3.52492, -3.53284, -3.54091, -3.54913, -3.55748, -3.56596, -3.57455, -3.58326, -3.59207, -3.60098, -3.60997, -3.61904, -3.62818, -3.63737, -3.64662, -3.65591, -3.66523, -3.67457, -3.68393, -3.69329, -3.70266, -3.712, -3.72133, -3.73063, -3.73989, -3.7491, -3.75826, -3.76735, -3.77636, -3.7853, -3.79414, -3.80289, -3.81152, -3.82005, -3.82845, -3.83672, -3.84485, -3.85284, -3.86068, -3.86835, -3.87586, -3.8832, -3.89036, -3.89733, -3.90411, -3.91069, -3.91706, -3.92323, -3.92919, -3.93492, -3.94043, -3.94571, -3.95076, -3.95558, -3.96015, -3.96448, -3.96856, -3.97239, -3.97597, -3.97929, -3.98236, -3.98517, -3.98772, ]
