START_PARAMETERS
DIAG =                       false
DIFFERENCE_LIMIT_ADIA =      0.01
TAU_INIT_ADIA =              0.1
MAX_TAU_ADIA =               20
TAU_SCALAR_ADIA =            1.15
TIME_STEP_ADIA =             0.001
g_initial =        0.1
f_initial =        1
g_targe t =        0.1
f_target =         0.1
j_initial =        0.1
k_initial =        0.9
b_initial =        0
j_target =         0.1
k_target =         0.09
b_target =         0.81
PERIODIC =         true
UNIFORM_SITES =    true
DEVICE_DIMENSION = 2
MAX_PARAM =        1
MIN_PARAM =        0
END_PARAMETERS




##############################################################################
##############################################################################
tau =               16.1
total_steps =       16099
ground_E =          -1.03052

tau_array = [0.1, 0.2, 0.3, 0.4, 0.5, 0.6, 0.7, 0.8, 0.9, 1, 1.1, 1.2, 1.3, 1.4, 1.5, 1.6, 1.7, 1.8, 1.9, 2, 2.1, 2.2, 2.3, 2.4, 2.5, 2.6, 2.7, 2.8, 2.9, 3, 3.1, 3.2, 3.3, 3.4, 3.5, 3.6, 3.7, 3.8, 3.9, 4, 4.1, 4.2, 4.3, 4.4, 4.5, 4.6, 4.7, 4.8, 4.9, 5, 5.1, 5.2, 5.3, 5.4, 5.5, 5.6, 5.7, 5.8, 5.9, 6, 6.1, 6.2, 6.3, 6.4, 6.5, 6.6, 6.7, 6.8, 6.9, 7, 7.1, 7.2, 7.3, 7.4, 7.5, 7.6, 7.7, 7.8, 7.9, 8, 8.1, 8.2, 8.3, 8.4, 8.5, 8.6, 8.7, 8.8, 8.9, 9, 9.1, 9.2, 9.3, 9.4, 9.5, 9.6, 9.7, 9.8, 9.9, 10, 10.1, 10.2, 10.3, 10.4, 10.5, 10.6, 10.7, 10.8, 10.9, 11, 11.1, 11.2, 11.3, 11.4, 11.5, 11.6, 11.7, 11.8, 11.9, 12, 12.1, 12.2, 12.3, 12.4, 12.5, 12.6, 12.7, 12.8, 12.9, 13, 13.1, 13.2, 13.3, 13.4, 13.5, 13.6, 13.7, 13.8, 13.9, 14, 14.1, 14.2, 14.3, 14.4, 14.5, 14.6, 14.7, 14.8, 14.9, 15, 15.1, 15.2, 15.3, 15.4, 15.5, 15.6, 15.7, 15.8, 15.9, 16, ]
best_E_array = [-0.804975, -0.80945, -0.816562, -0.825829, -0.836642, -0.848329, -0.860094, -0.871561, -0.882099, -0.891345, -0.899098, -0.905383, -0.910192, -0.913833, -0.916617, -0.918883, -0.920957, -0.923112, -0.925538, -0.928335, -0.931507, -0.934978, -0.938612, -0.942244, -0.945706, -0.948855, -0.951593, -0.953879, -0.955728, -0.957211, -0.958433, -0.95952, -0.960596, -0.961767, -0.963104, -0.964638, -0.966356, -0.96821, -0.970124, -0.972009, -0.973783, -0.975376, -0.976746, -0.977883, -0.978808, -0.979567, -0.980221, -0.980853, -0.981522, -0.982281, -0.983159, -0.984161, -0.985265, -0.986431, -0.987607, -0.988739, -0.989778, -0.990688, -0.991455, -0.992082, -0.992594, -0.993029, -0.993433, -0.993851, -0.994322, -0.994871, -0.995508, -0.996222, -0.996992, -0.997783, -0.998557, -0.999279, -0.999921, -1.00047, -1.00091, -1.00128, -1.00158, -1.00185, -1.00213, -1.00244, -1.0028, -1.00323, -1.00371, -1.00425, -1.00481, -1.00536, -1.00589, -1.00636, -1.00676, -1.0071, -1.00736, -1.00758, -1.00777, -1.00796, -1.00817, -1.00842, -1.00872, -1.00907, -1.00945, -1.00986, -1.01027, -1.01067, -1.01102, -1.01133, -1.01159, -1.01179, -1.01195, -1.01209, -1.01223, -1.01237, -1.01255, -1.01276, -1.01301, -1.0133, -1.01361, -1.01392, -1.01423, -1.0145, -1.01475, -1.01495, -1.0151, -1.01523, -1.01533, -1.01543, -1.01554, -1.01566, -1.01582, -1.01601, -1.01622, -1.01646, -1.0167, -1.01694, -1.01716, -1.01736, -1.01752, -1.01764, -1.01774, -1.01782, -1.01789, -1.01797, -1.01806, -1.01818, -1.01832, -1.01849, -1.01867, -1.01887, -1.01906, -1.01924, -1.01939, -1.01952, -1.01963, -1.0197, -1.01977, -1.01982, -1.01988, -1.01994, -1.02003, -1.02014, -1.02027, -1.02042, ]

