START_PARAMETERS
DIAG =                       false
DIFFERENCE_LIMIT_ADIA =      0.01
TAU_INIT_ADIA =              0.5
MAX_TAU_ADIA =               30
TAU_SCALAR_ADIA =            1.15
TIME_STEP_ADIA =             0.001
g_initial =        0.1
f_initial =        0.1
g_targe t =        0.5
f_target =         0.1
j_initial =        0.1
k_initial =        0.09
b_initial =        0.81
j_target =         0.5
k_target =         0.05
b_target =         0.45
PERIODIC =         true
UNIFORM_SITES =    true
DEVICE_DIMENSION = 2
MAX_PARAM =        1
MIN_PARAM =        0
END_PARAMETERS




##############################################################################
##############################################################################
tau =               16
total_steps =       16000
ground_E =          -3.03549

tau_array = [0.5, 1, 1.5, 2, 2.5, 3, 3.5, 4, 4.5, 5, 5.5, 6, 6.5, 7, 7.5, 8, 8.5, 9, 9.5, 10, 10.5, 11, 11.5, 12, 12.5, 13, 13.5, 14, 14.5, 15, 15.5, ]
best_E_array = [-2.73959, -2.83088, -2.89213, -2.91112, -2.92422, -2.94602, -2.96151, -2.96672, -2.97346, -2.9836, -2.98936, -2.9915, -2.99607, -3.0015, -3.00373, -3.00512, -3.0085, -3.01141, -3.01224, -3.01351, -3.01598, -3.01742, -3.01779, -3.01905, -3.02075, -3.02134, -3.02167, -3.02286, -3.0239, -3.02409, -3.02452, ]

