START_PARAMETERS
TIME_STEP_ADIA =             0.001
GROUND_E =                -2.07481
INITIAL_E =               -2.0401
j_initial =               0.95
k_initial =               0.05
b_initial =               0
j_target =                0.575
k_target =                0.2
b_target =                0
init_target_dot_squared = 0.989636
init_state = [0.346917, 0, 0.509213, 0, 0.346917, 0, 0.346917, 0, 0.509213, 0, 0.346917, 0, ]
target_state = [0.308457, 0, 0.556514, 0, 0.308457, 0, 0.308457, 0, 0.556514, 0, 0.308457, 0, ]
USE_ENERGY_DISTANCE =     false
PERIODIC =                false
UNIFORM_SITES =           true
DEVICE_DIMENSION =        2
MAX_PARAM =               1
MIN_PARAM =               0
MIN_PARAM =               0
DIAG =                    false
NUM_SEEDS =               4
DISTANCE_LIMIT =          0.01
TAU_INIT =                0.1
MAX_TAU =                 5
TAU_SCALAR =              1.1
TAU_SCALAR_TINY =         1.05
TAU_SCALAR_BIG =          1.2
ACCEPTANCE_PROB =         0.85
TEMP_EXP_DECAY =          0.8
TEMP_DECAY_ITERATIONS =   25
TEMP_DECAY_LIMIT =        15
RANDOM_STATES =           3
INIT_OVERLAP_LIMIT =      0.99999
END_PARAMETERS
##############################################################################
tau =               0.1
total_steps =       100
time_step  =        0.001
best_mc_result  =           0.0102114
evolved_target_dot_squared =   0.989789
best_evolved_state = [0.337533, 0.076719, 0.493462, 0.129873, 0.337533, 0.076719, 0.337533, 0.076719, 0.493462, 0.129873, 0.337533, 0.076719, ]
distance  =         0.985239
clock_duration  =         0.003701
##############################################################################
tau =               0.11
total_steps =       110
time_step  =        0.001
best_mc_result  =           0.0101795
evolved_target_dot_squared =   0.98982
best_evolved_state = [0.33557, 0.0842381, 0.49017, 0.142573, 0.33557, 0.0842381, 0.33557, 0.0842381, 0.49017, 0.142573, 0.33557, 0.0842381, ]
distance  =         0.982163
clock_duration  =         0.008829
##############################################################################
tau =               0.121
total_steps =       121
time_step  =        0.001
best_mc_result  =           0.010141
evolved_target_dot_squared =   0.989859
best_evolved_state = [0.3332, 0.0924524, 0.486195, 0.156446, 0.3332, 0.0924524, 0.3332, 0.0924524, 0.486195, 0.156446, 0.3332, 0.0924524, ]
distance  =         0.978451
clock_duration  =         0.012817
##############################################################################
tau =               0.1331
total_steps =       133
time_step  =        0.001
best_mc_result  =           0.0100951
evolved_target_dot_squared =   0.989905
best_evolved_state = [0.330364, 0.101339, 0.481439, 0.171451, 0.330364, 0.101339, 0.330364, 0.101339, 0.481439, 0.171451, 0.330364, 0.101339, ]
distance  =         0.974015
clock_duration  =         0.017825
##############################################################################
tau =               0.14641
total_steps =       146
time_step  =        0.001
best_mc_result  =           0.0100406
evolved_target_dot_squared =   0.989959
best_evolved_state = [0.327001, 0.110871, 0.475799, 0.187541, 0.327001, 0.110871, 0.327001, 0.110871, 0.475799, 0.187541, 0.327001, 0.110871, ]
distance  =         0.968758
clock_duration  =         0.022795
##############################################################################
tau =               0.161051
total_steps =       161
time_step  =        0.001
best_mc_result  =           0.00997176
evolved_target_dot_squared =   0.990028
best_evolved_state = [0.322747, 0.121733, 0.468667, 0.205871, 0.322747, 0.121733, 0.322747, 0.121733, 0.468667, 0.205871, 0.322747, 0.121733, ]
distance  =         0.962119
clock_duration  =         0.028977
