START_PARAMETERS
DIAG =                       false
DIFFERENCE_LIMIT_ADIA =      0.01
TAU_INIT_ADIA =              0.1
MAX_TAU_ADIA =               20
TAU_SCALAR_ADIA =            1.15
TIME_STEP_ADIA =             0.001
g_initial =        1
f_initial =        0.1
g_targe t =        0.1
f_target =         0.1
j_initial =        1
k_initial =        0
b_initial =        0
j_target =         0.1
k_target =         0.09
b_target =         0.81
PERIODIC =         true
UNIFORM_SITES =    true
DEVICE_DIMENSION = 2
MAX_PARAM =        1
MIN_PARAM =        0
END_PARAMETERS




##############################################################################
##############################################################################
tau =               13.7
total_steps =       13699
ground_E =          -1.03052

tau_array = [0.1, 0.2, 0.3, 0.4, 0.5, 0.6, 0.7, 0.8, 0.9, 1, 1.1, 1.2, 1.3, 1.4, 1.5, 1.6, 1.7, 1.8, 1.9, 2, 2.1, 2.2, 2.3, 2.4, 2.5, 2.6, 2.7, 2.8, 2.9, 3, 3.1, 3.2, 3.3, 3.4, 3.5, 3.6, 3.7, 3.8, 3.9, 4, 4.1, 4.2, 4.3, 4.4, 4.5, 4.6, 4.7, 4.8, 4.9, 5, 5.1, 5.2, 5.3, 5.4, 5.5, 5.6, 5.7, 5.8, 5.9, 6, 6.1, 6.2, 6.3, 6.4, 6.5, 6.6, 6.7, 6.8, 6.9, 7, 7.1, 7.2, 7.3, 7.4, 7.5, 7.6, 7.7, 7.8, 7.9, 8, 8.1, 8.2, 8.3, 8.4, 8.5, 8.6, 8.7, 8.8, 8.9, 9, 9.1, 9.2, 9.3, 9.4, 9.5, 9.6, 9.7, 9.8, 9.9, 10, 10.1, 10.2, 10.3, 10.4, 10.5, 10.6, 10.7, 10.8, 10.9, 11, 11.1, 11.2, 11.3, 11.4, 11.5, 11.6, 11.7, 11.8, 11.9, 12, 12.1, 12.2, 12.3, 12.4, 12.5, 12.6, 12.7, 12.8, 12.9, 13, 13.1, 13.2, 13.3, 13.4, 13.5, 13.6, ]
best_E_array = [-0.926891, -0.930316, -0.93543, -0.941483, -0.947669, -0.953292, -0.957857, -0.961297, -0.963682, -0.965334, -0.966655, -0.96802, -0.969629, -0.971552, -0.973688, -0.975847, -0.977823, -0.979471, -0.980749, -0.981719, -0.982521, -0.983311, -0.984216, -0.98529, -0.986506, -0.987776, -0.988984, -0.990036, -0.990887, -0.991555, -0.992108, -0.992641, -0.993237, -0.993941, -0.994747, -0.995605, -0.996443, -0.997191, -0.997811, -0.998306, -0.998715, -0.999102, -0.999527, -1.00003, -1.0006, -1.00123, -1.00184, -1.00241, -1.00288, -1.00327, -1.00359, -1.00388, -1.0042, -1.00457, -1.005, -1.00548, -1.00596, -1.0064, -1.00678, -1.00709, -1.00734, -1.00757, -1.00782, -1.0081, -1.00844, -1.00881, -1.00919, -1.00955, -1.00986, -1.01011, -1.01032, -1.0105, -1.0107, -1.01092, -1.01119, -1.01149, -1.0118, -1.01209, -1.01235, -1.01256, -1.01273, -1.01288, -1.01304, -1.01322, -1.01344, -1.01368, -1.01394, -1.01419, -1.0144, -1.01458, -1.01473, -1.01485, -1.01498, -1.01513, -1.01531, -1.01551, -1.01573, -1.01593, -1.01612, -1.01627, -1.0164, -1.0165, -1.01661, -1.01673, -1.01688, -1.01705, -1.01723, -1.01741, -1.01757, -1.01771, -1.01781, -1.0179, -1.01799, -1.0181, -1.01822, -1.01837, -1.01852, -1.01868, -1.01881, -1.01893, -1.01902, -1.0191, -1.01918, -1.01927, -1.01937, -1.0195, -1.01963, -1.01976, -1.01989, -1.01999, -1.02007, -1.02014, -1.0202, -1.02028, -1.02037, -1.02047, ]

