START_PARAMETERS
DIAG =                       false
DIFFERENCE_LIMIT_ADIA =      0.01
TAU_INIT_ADIA =              0.1
MAX_TAU_ADIA =               20
TAU_SCALAR_ADIA =            1.15
TIME_STEP_ADIA =             0.001
g_initial =        1
f_initial =        0.1
g_targe t =        0.1
f_target =         0.5
j_initial =        1
k_initial =        0
b_initial =        0
j_target =         0.1
k_target =         0.45
b_target =         0.45
PERIODIC =         true
UNIFORM_SITES =    true
DEVICE_DIMENSION = 2
MAX_PARAM =        1
MIN_PARAM =        0
END_PARAMETERS




##############################################################################
##############################################################################
tau =               8.3
total_steps =       8299
ground_E =          -3.6868

tau_array = [0.1, 0.2, 0.3, 0.4, 0.5, 0.6, 0.7, 0.8, 0.9, 1, 1.1, 1.2, 1.3, 1.4, 1.5, 1.6, 1.7, 1.8, 1.9, 2, 2.1, 2.2, 2.3, 2.4, 2.5, 2.6, 2.7, 2.8, 2.9, 3, 3.1, 3.2, 3.3, 3.4, 3.5, 3.6, 3.7, 3.8, 3.9, 4, 4.1, 4.2, 4.3, 4.4, 4.5, 4.6, 4.7, 4.8, 4.9, 5, 5.1, 5.2, 5.3, 5.4, 5.5, 5.6, 5.7, 5.8, 5.9, 6, 6.1, 6.2, 6.3, 6.4, 6.5, 6.6, 6.7, 6.8, 6.9, 7, 7.1, 7.2, 7.3, 7.4, 7.5, 7.6, 7.7, 7.8, 7.9, 8, 8.1, 8.2, ]
best_E_array = [-2.38221, -2.42973, -2.5025, -2.59224, -2.68972, -2.78637, -2.87483, -2.95314, -3.01939, -3.07488, -3.12222, -3.16471, -3.20388, -3.24146, -3.27768, -3.31199, -3.34357, -3.37173, -3.3963, -3.41762, -3.43644, -3.45365, -3.46995, -3.48572, -3.50095, -3.51537, -3.52859, -3.54035, -3.5506, -3.55954, -3.56754, -3.57498, -3.58217, -3.58923, -3.59607, -3.60253, -3.60839, -3.61354, -3.61798, -3.62186, -3.6254, -3.62878, -3.63213, -3.63548, -3.63873, -3.64176, -3.64444, -3.64677, -3.64875, -3.6505, -3.65215, -3.65379, -3.65547, -3.65717, -3.65881, -3.66031, -3.6616, -3.66268, -3.6636, -3.66444, -3.66527, -3.66615, -3.66707, -3.66801, -3.66889, -3.66966, -3.6703, -3.67082, -3.67127, -3.67171, -3.67219, -3.67271, -3.67327, -3.67383, -3.67433, -3.67474, -3.67507, -3.67533, -3.67558, -3.67585, -3.67616, -3.67651, ]

