START_PARAMETERS
DIAG =                       false
DIFFERENCE_LIMIT_ADIA =      0.01
TAU_INIT_ADIA =              0.1
MAX_TAU_ADIA =               20
TAU_SCALAR_ADIA =            1.15
TIME_STEP_ADIA =             0.001
g_initial =        1
f_initial =        1
g_targe t =        0.1
f_target =         0.5
j_initial =        1
k_initial =        0
b_initial =        0
j_target =         0.1
k_target =         0.45
b_target =         0.45
PERIODIC =         true
UNIFORM_SITES =    true
DEVICE_DIMENSION = 2
MAX_PARAM =        1
MIN_PARAM =        0
END_PARAMETERS




##############################################################################
##############################################################################
tau =               6.2
total_steps =       6199
ground_E =          -3.6868

tau_array = [0.1, 0.2, 0.3, 0.4, 0.5, 0.6, 0.7, 0.8, 0.9, 1, 1.1, 1.2, 1.3, 1.4, 1.5, 1.6, 1.7, 1.8, 1.9, 2, 2.1, 2.2, 2.3, 2.4, 2.5, 2.6, 2.7, 2.8, 2.9, 3, 3.1, 3.2, 3.3, 3.4, 3.5, 3.6, 3.7, 3.8, 3.9, 4, 4.1, 4.2, 4.3, 4.4, 4.5, 4.6, 4.7, 4.8, 4.9, 5, 5.1, 5.2, 5.3, 5.4, 5.5, 5.6, 5.7, 5.8, 5.9, 6, 6.1, ]
best_E_array = [-2.41092, -2.53759, -2.72098, -2.92725, -3.12214, -3.27913, -3.38403, -3.43985, -3.45761, -3.45555, -3.45135, -3.45724, -3.47714, -3.50769, -3.54119, -3.56951, -3.58739, -3.59406, -3.59283, -3.58916, -3.58823, -3.59294, -3.60309, -3.61602, -3.62804, -3.63613, -3.63918, -3.63817, -3.63556, -3.63406, -3.63546, -3.63998, -3.6464, -3.65269, -3.65705, -3.65861, -3.65777, -3.65589, -3.65458, -3.65502, -3.65744, -3.66115, -3.66492, -3.66754, -3.66841, -3.66772, -3.66633, -3.66527, -3.66537, -3.66683, -3.66922, -3.67169, -3.67341, -3.67393, -3.67336, -3.67228, -3.67145, -3.67144, -3.67242, -3.67408, -3.67581, ]

