START_PARAMETERS
TIME_STEP_ADIA =             0.001
GROUND_E =                -4.13904
INITIAL_E =               -4.08827
j_initial =               0.95
k_initial =               0.95
b_initial =               0
j_target =                0.575
k_target =                0.875
b_target =                0
init_target_dot_squared = 0.989375
init_state = [0.22985, 0, 0.627963, 0, 0.22985, 0, 0.22985, 0, 0.627963, 0, 0.22985, 0, ]
target_state = [0.182855, 0, 0.658125, 0, 0.182855, 0, 0.182855, 0, 0.658125, 0, 0.182855, 0, ]
USE_ENERGY_DISTANCE =     false
PERIODIC =                false
UNIFORM_SITES =           true
DEVICE_DIMENSION =        2
MAX_PARAM =               1
MIN_PARAM =               0
MIN_PARAM =               0
DIAG =                    false
NUM_SEEDS =               4
DISTANCE_LIMIT =          0.01
TAU_INIT =                0.1
MAX_TAU =                 5
TAU_SCALAR =              1.1
TAU_SCALAR_TINY =         1.05
TAU_SCALAR_BIG =          1.2
ACCEPTANCE_PROB =         0.85
TEMP_EXP_DECAY =          0.8
TEMP_DECAY_ITERATIONS =   25
TEMP_DECAY_LIMIT =        15
RANDOM_STATES =           3
INIT_OVERLAP_LIMIT =      0.99999
END_PARAMETERS
##############################################################################
tau =               0.1
total_steps =       100
time_step  =        0.001
best_mc_result  =           0.0103528
evolved_target_dot_squared =   0.989647
best_evolved_state = [0.208671, 0.0922862, 0.559263, 0.288277, 0.208671, 0.0922862, 0.208671, 0.0922862, 0.559263, 0.288277, 0.208671, 0.0922862, ]
distance  =         0.974349
clock_duration  =         0.003448
##############################################################################
tau =               0.11
total_steps =       110
time_step  =        0.001
best_mc_result  =           0.0102963
evolved_target_dot_squared =   0.989704
best_evolved_state = [0.20431, 0.100797, 0.545139, 0.314673, 0.20431, 0.100797, 0.20431, 0.100797, 0.545139, 0.314673, 0.20431, 0.100797, ]
distance  =         0.969031
clock_duration  =         0.007815
##############################################################################
tau =               0.121
total_steps =       121
time_step  =        0.001
best_mc_result  =           0.0102283
evolved_target_dot_squared =   0.989772
best_evolved_state = [0.199075, 0.109918, 0.528192, 0.342911, 0.199075, 0.109918, 0.199075, 0.109918, 0.528192, 0.342911, 0.199075, 0.109918, ]
distance  =         0.962629
clock_duration  =         0.011992
##############################################################################
tau =               0.1331
total_steps =       133
time_step  =        0.001
best_mc_result  =           0.0101472
evolved_target_dot_squared =   0.989853
best_evolved_state = [0.192857, 0.119555, 0.508072, 0.372677, 0.192857, 0.119555, 0.192857, 0.119555, 0.508072, 0.372677, 0.192857, 0.119555, ]
distance  =         0.954995
clock_duration  =         0.016563
##############################################################################
tau =               0.14641
total_steps =       146
time_step  =        0.001
best_mc_result  =           0.0100513
evolved_target_dot_squared =   0.989949
best_evolved_state = [0.185545, 0.129594, 0.484425, 0.403595, 0.185545, 0.129594, 0.185545, 0.129594, 0.484425, 0.403595, 0.185545, 0.129594, ]
distance  =         0.945975
clock_duration  =         0.02156
##############################################################################
tau =               0.161051
total_steps =       161
time_step  =        0.001
best_mc_result  =           0.00993074
evolved_target_dot_squared =   0.990069
best_evolved_state = [0.176397, 0.140615, 0.454859, 0.437408, 0.176397, 0.140615, 0.176397, 0.140615, 0.454859, 0.437408, 0.176397, 0.140615, ]
distance  =         0.934625
clock_duration  =         0.027216
