START_PARAMETERS
DIAG =                       false
DIFFERENCE_LIMIT_ADIA =      0.01
TAU_INIT_ADIA =              0.1
MAX_TAU_ADIA =               20
TAU_SCALAR_ADIA =            1.15
TIME_STEP_ADIA =             0.001
g_initial =        1
f_initial =        1
g_targe t =        0.1
f_target =         1
j_initial =        1
k_initial =        0
b_initial =        0
j_target =         0.1
k_target =         0.9
b_target =         0
PERIODIC =         true
UNIFORM_SITES =    true
DEVICE_DIMENSION = 2
MAX_PARAM =        1
MIN_PARAM =        0
END_PARAMETERS




##############################################################################
##############################################################################
tau =               2.4
total_steps =       2400
ground_E =          -7.24417

tau_array = [0.1, 0.2, 0.3, 0.4, 0.5, 0.6, 0.7, 0.8, 0.9, 1, 1.1, 1.2, 1.3, 1.4, 1.5, 1.6, 1.7, 1.8, 1.9, 2, 2.1, 2.2, 2.3, ]
best_E_array = [-4.28567, -4.62036, -5.10142, -5.6373, -6.13857, -6.54019, -6.81179, -6.96675, -7.0348, -7.05784, -7.07117, -7.09464, -7.13052, -7.17046, -7.20315, -7.2214, -7.22518, -7.22032, -7.21457, -7.21352, -7.21844, -7.22668, -7.23402, ]

