START_PARAMETERS
DIAG =                       false
DIFFERENCE_LIMIT_ADIA =      0.01
TAU_INIT_ADIA =              0.1
MAX_TAU_ADIA =               20
TAU_SCALAR_ADIA =            1.15
TIME_STEP_ADIA =             0.001
g_initial =        1
f_initial =        0.1
g_targe t =        0.5
f_target =         1
j_initial =        1
k_initial =        0
b_initial =        0
j_target =         0.5
k_target =         0.5
b_target =         0
PERIODIC =         true
UNIFORM_SITES =    true
DEVICE_DIMENSION = 2
MAX_PARAM =        1
MIN_PARAM =        0
END_PARAMETERS




##############################################################################
##############################################################################
tau =               2.7
total_steps =       2700
ground_E =          -5.4641

tau_array = [0.1, 0.2, 0.3, 0.4, 0.5, 0.6, 0.7, 0.8, 0.9, 1, 1.1, 1.2, 1.3, 1.4, 1.5, 1.6, 1.7, 1.8, 1.9, 2, 2.1, 2.2, 2.3, 2.4, 2.5, 2.6, ]
best_E_array = [-4.85045, -4.91176, -4.99959, -5.0972, -5.18874, -5.26332, -5.3164, -5.35099, -5.37204, -5.38579, -5.39685, -5.40738, -5.41716, -5.42542, -5.43148, -5.43548, -5.43818, -5.44047, -5.4429, -5.44546, -5.44784, -5.44968, -5.4509, -5.4517, -5.45241, -5.45324, ]

