START_PARAMETERS
DIAG =                       false
DIFFERENCE_LIMIT_ADIA =      0.01
TAU_INIT_ADIA =              0.1
MAX_TAU_ADIA =               20
TAU_SCALAR_ADIA =            1.15
TIME_STEP_ADIA =             0.001
g_initial =        0.1
f_initial =        0.1
g_targe t =        1
f_target =         0.1
j_initial =        0.1
k_initial =        0.09
b_initial =        0.81
j_target =         1
k_target =         0
b_target =         0
PERIODIC =         true
UNIFORM_SITES =    true
DEVICE_DIMENSION = 2
MAX_PARAM =        1
MIN_PARAM =        0
END_PARAMETERS




##############################################################################
##############################################################################
tau =               20
total_steps =       20000
ground_E =          -5.65685

tau_array = [0.1, 0.2, 0.3, 0.4, 0.5, 0.6, 0.7, 0.8, 0.9, 1, 1.1, 1.2, 1.3, 1.4, 1.5, 1.6, 1.7, 1.8, 1.9, 2, 2.1, 2.2, 2.3, 2.4, 2.5, 2.6, 2.7, 2.8, 2.9, 3, 3.1, 3.2, 3.3, 3.4, 3.5, 3.6, 3.7, 3.8, 3.9, 4, 4.1, 4.2, 4.3, 4.4, 4.5, 4.6, 4.7, 4.8, 4.9, 5, 5.1, 5.2, 5.3, 5.4, 5.5, 5.6, 5.7, 5.8, 5.9, 6, 6.1, 6.2, 6.3, 6.4, 6.5, 6.6, 6.7, 6.8, 6.9, 7, 7.1, 7.2, 7.3, 7.4, 7.5, 7.6, 7.7, 7.8, 7.9, 8, 8.1, 8.2, 8.3, 8.4, 8.5, 8.6, 8.7, 8.8, 8.9, 9, 9.1, 9.2, 9.3, 9.4, 9.5, 9.6, 9.7, 9.8, 9.9, 10, 10.1, 10.2, 10.3, 10.4, 10.5, 10.6, 10.7, 10.8, 10.9, 11, 11.1, 11.2, 11.3, 11.4, 11.5, 11.6, 11.7, 11.8, 11.9, 12, 12.1, 12.2, 12.3, 12.4, 12.5, 12.6, 12.7, 12.8, 12.9, 13, 13.1, 13.2, 13.3, 13.4, 13.5, 13.6, 13.7, 13.8, 13.9, 14, 14.1, 14.2, 14.3, 14.4, 14.5, 14.6, 14.7, 14.8, 14.9, 15, 15.1, 15.2, 15.3, 15.4, 15.5, 15.6, 15.7, 15.8, 15.9, 16, 16.1, 16.2, 16.3, 16.4, 16.5, 16.6, 16.7, 16.8, 16.9, 17, 17.1, 17.2, 17.3, 17.4, 17.5, 17.6, 17.7, 17.8, 17.9, 18, 18.1, 18.2, 18.3, 18.4, 18.5, 18.6, 18.7, 18.8, 18.9, 19, 19.1, 19.2, 19.3, 19.4, 19.5, 19.6, 19.7, 19.8, 19.9, ]
best_E_array = [-4.78257, -4.81146, -4.85461, -4.90567, -4.95786, -5.00531, -5.04382, -5.07284, -5.09296, -5.1069, -5.11804, -5.12955, -5.14313, -5.15935, -5.17738, -5.19559, -5.21226, -5.22616, -5.23694, -5.24513, -5.25189, -5.25856, -5.26619, -5.27525, -5.28551, -5.29622, -5.30642, -5.31529, -5.32247, -5.3281, -5.33277, -5.33727, -5.3423, -5.34824, -5.35504, -5.36228, -5.36934, -5.37566, -5.38089, -5.38506, -5.38852, -5.39178, -5.39536, -5.39958, -5.40445, -5.40971, -5.41489, -5.41966, -5.42369, -5.42693, -5.42961, -5.43209, -5.43477, -5.4379, -5.44155, -5.44556, -5.4496, -5.45334, -5.45654, -5.45913, -5.46127, -5.46322, -5.46529, -5.46771, -5.47054, -5.47368, -5.4769, -5.47991, -5.48251, -5.48464, -5.48639, -5.48796, -5.4896, -5.49151, -5.49376, -5.49628, -5.4989, -5.50137, -5.50354, -5.50531, -5.50677, -5.50805, -5.50938, -5.51092, -5.51274, -5.5148, -5.51696, -5.51904, -5.52086, -5.52237, -5.52359, -5.52466, -5.52575, -5.52701, -5.52851, -5.53022, -5.53203, -5.53379, -5.53535, -5.53664, -5.53768, -5.53859, -5.5395, -5.54054, -5.54178, -5.54322, -5.54476, -5.54626, -5.5476, -5.54872, -5.54963, -5.5504, -5.55116, -5.55203, -5.55308, -5.5543, -5.55561, -5.55691, -5.55808, -5.55906, -5.55985, -5.56051, -5.56116, -5.5619, -5.56279, -5.56383, -5.56496, -5.56609, -5.56712, -5.56798, -5.56868, -5.56925, -5.56981, -5.57044, -5.57119, -5.57209, -5.57308, -5.57407, -5.57498, -5.57574, -5.57636, -5.57686, -5.57734, -5.57788, -5.57853, -5.5793, -5.58017, -5.58104, -5.58185, -5.58253, -5.58308, -5.58353, -5.58394, -5.58441, -5.58497, -5.58565, -5.5864, -5.58718, -5.5879, -5.58851, -5.58901, -5.5894, -5.58977, -5.59017, -5.59066, -5.59125, -5.59192, -5.59261, -5.59326, -5.59381, -5.59425, -5.59461, -5.59493, -5.59528, -5.5957, -5.59622, -5.59682, -5.59744, -5.59802, -5.59852, -5.59892, -5.59924, -5.59953, -5.59983, -5.6002, -5.60066, -5.60119, -5.60175, -5.60229, -5.60274, -5.6031, -5.60339, -5.60364, -5.60391, -5.60424, -5.60465, -5.60512, -5.60562, -5.6061, ]

