START_PARAMETERS
DIAG =                       false
DIFFERENCE_LIMIT_ADIA =      0.01
TAU_INIT_ADIA =              0.1
MAX_TAU_ADIA =               20
TAU_SCALAR_ADIA =            1.15
TIME_STEP_ADIA =             0.001
g_initial =        0.1
f_initial =        1
g_targe t =        1
f_target =         1
j_initial =        0.1
k_initial =        0.9
b_initial =        0
j_target =         1
k_target =         0
b_target =         0
PERIODIC =         true
UNIFORM_SITES =    true
DEVICE_DIMENSION = 2
MAX_PARAM =        1
MIN_PARAM =        0
END_PARAMETERS




##############################################################################
##############################################################################
tau =               3.1
total_steps =       3100
ground_E =          -5.65685

tau_array = [0.1, 0.2, 0.3, 0.4, 0.5, 0.6, 0.7, 0.8, 0.9, 1, 1.1, 1.2, 1.3, 1.4, 1.5, 1.6, 1.7, 1.8, 1.9, 2, 2.1, 2.2, 2.3, 2.4, 2.5, 2.6, 2.7, 2.8, 2.9, 3, ]
best_E_array = [-1.06436, -1.58391, -2.33066, -3.1625, -3.94062, -4.56406, -4.98567, -5.22622, -5.33185, -5.36761, -5.3883, -5.42473, -5.48042, -5.54243, -5.59317, -5.6215, -5.62737, -5.61982, -5.6109, -5.60927, -5.6169, -5.6297, -5.64109, -5.64616, -5.64412, -5.6381, -5.63287, -5.63197, -5.63596, -5.64254, ]

