START_PARAMETERS
DIAG =                       false
DIFFERENCE_LIMIT_ADIA =      0.01
TAU_INIT_ADIA =              0.1
MAX_TAU_ADIA =               20
TAU_SCALAR_ADIA =            1.15
TIME_STEP_ADIA =             0.001
g_initial =        0.1
f_initial =        0.1
g_targe t =        0.1
f_target =         0.5
j_initial =        0.1
k_initial =        0.09
b_initial =        0.81
j_target =         0.1
k_target =         0.45
b_target =         0.45
PERIODIC =         true
UNIFORM_SITES =    true
DEVICE_DIMENSION = 2
MAX_PARAM =        1
MIN_PARAM =        0
END_PARAMETERS




##############################################################################
##############################################################################
tau =               12.4
total_steps =       12399
ground_E =          -3.6868

tau_array = [0.1, 0.2, 0.3, 0.4, 0.5, 0.6, 0.7, 0.8, 0.9, 1, 1.1, 1.2, 1.3, 1.4, 1.5, 1.6, 1.7, 1.8, 1.9, 2, 2.1, 2.2, 2.3, 2.4, 2.5, 2.6, 2.7, 2.8, 2.9, 3, 3.1, 3.2, 3.3, 3.4, 3.5, 3.6, 3.7, 3.8, 3.9, 4, 4.1, 4.2, 4.3, 4.4, 4.5, 4.6, 4.7, 4.8, 4.9, 5, 5.1, 5.2, 5.3, 5.4, 5.5, 5.6, 5.7, 5.8, 5.9, 6, 6.1, 6.2, 6.3, 6.4, 6.5, 6.6, 6.7, 6.8, 6.9, 7, 7.1, 7.2, 7.3, 7.4, 7.5, 7.6, 7.7, 7.8, 7.9, 8, 8.1, 8.2, 8.3, 8.4, 8.5, 8.6, 8.7, 8.8, 8.9, 9, 9.1, 9.2, 9.3, 9.4, 9.5, 9.6, 9.7, 9.8, 9.9, 10, 10.1, 10.2, 10.3, 10.4, 10.5, 10.6, 10.7, 10.8, 10.9, 11, 11.1, 11.2, 11.3, 11.4, 11.5, 11.6, 11.7, 11.8, 11.9, 12, 12.1, 12.2, 12.3, ]
best_E_array = [-3.2453, -3.25019, -3.25823, -3.2692, -3.28285, -3.29886, -3.31667, -3.33623, -3.35696, -3.3784, -3.40012, -3.42192, -3.44296, -3.46313, -3.48211, -3.49966, -3.51559, -3.52978, -3.54217, -3.55277, -3.56162, -3.56883, -3.57455, -3.57896, -3.58226, -3.58468, -3.58644, -3.58774, -3.5888, -3.58981, -3.5909, -3.59222, -3.59385, -3.59586, -3.59826, -3.60104, -3.60419, -3.60763, -3.61129, -3.61509, -3.61892, -3.6227, -3.62633, -3.62973, -3.63284, -3.63559, -3.63795, -3.63994, -3.64153, -3.64276, -3.64365, -3.64426, -3.64465, -3.64488, -3.64502, -3.64513, -3.64527, -3.6455, -3.64586, -3.64638, -3.64707, -3.64795, -3.64899, -3.65019, -3.65152, -3.65294, -3.6544, -3.65588, -3.65731, -3.65867, -3.65993, -3.66104, -3.662, -3.66278, -3.66339, -3.66384, -3.66414, -3.66431, -3.66437, -3.66437, -3.66432, -3.66427, -3.66425, -3.66427, -3.66437, -3.66456, -3.66485, -3.66524, -3.66573, -3.66631, -3.66696, -3.66766, -3.6684, -3.66914, -3.66986, -3.67055, -3.67117, -3.67172, -3.67218, -3.67254, -3.67281, -3.67299, -3.67309, -3.67311, -3.67309, -3.67302, -3.67294, -3.67287, -3.67281, -3.6728, -3.67283, -3.67292, -3.67308, -3.6733, -3.67358, -3.67392, -3.6743, -3.67472, -3.67515, -3.67558, -3.676, -3.67639, -3.67674, ]

