##############################################################
SIMULATIONS PARAMETERS:
##############################################################
DIAG:                       false
DIFFERENCE_LIMIT_ADIA:      0.001
TAU_INIT_ADIA:              0.15
MAX_TAU_ADIA:               10
TAU_SCALAR_ADIA:            1.3
TIME_STEP_ADIA:             0.0001

##############################################################
HAMILTONIAN PARAMETERS:
##############################################################
g_initial:        0.10
f_initial:        0.50
g_target:         0.50
f_target:         0.50
j_initial:        0.1
k_initial:        0.45
b_initial:        0.45
j_target:         0.5
k_target:         0.25
b_target:         0.25
PERIODIC:         true
UNIFORM_SITES:    true
DEVICE_DIMENSION: 2
MAX_PARAM:        1
MIN_PARAM:        0





##############################################################################
##############################################################################
tau =              10.05
total_steps 100500

times= [0.15, 0.3, 0.45, 0.6, 0.75, 0.9, 1.05, 1.2, 1.35, 1.5, 1.65, 1.8, 1.95, 2.1, 2.25, 2.4, 2.55, 2.7, 2.85, 3, 3.15, 3.3, 3.45, 3.6, 3.75, 3.9, 4.05, 4.2, 4.35, 4.5, 4.65, 4.8, 4.95, 5.1, 5.25, 5.4, 5.55, 5.7, 5.85, 6, 6.15, 6.3, 6.45, 6.6, 6.75, 6.9, 7.05, 7.2, 7.35, 7.5, 7.65, 7.8, 7.95, 8.1, 8.25, 8.4, 8.55, 8.7, 8.85, 9, 9.15, 9.3, 9.45, 9.6, 9.75, 9.9, ]
E_best = [-2.84205, -2.95537, -3.12274, -3.3172, -3.51019, -3.67719, -3.80295, -3.88281, -3.92212, -3.93268, -3.92871, -3.92268, -3.92257, -3.93088, -3.94559, -3.96216, -3.97592, -3.9839, -3.98566, -3.98302, -3.97895, -3.97626, -3.97659, -3.97996, -3.98508, -3.99005, -3.99329, -3.99408, -3.99279, -3.99056, -3.98872, -3.98827, -3.98945, -3.99178, -3.99434, -3.99618, -3.99676, -3.99611, -3.99477, -3.99351, -3.99297, -3.99343, -3.99469, -3.99623, -3.99746, -3.99794, -3.99762, -3.99676, -3.99585, -3.99535, -3.9955, -3.99624, -3.99726, -3.99814, -3.99856, -3.99842, -3.99785, -3.99717, -3.99672, -3.99672, -3.99718, -3.99788, -3.99856, -3.99893, -3.99888, -3.99849, ]
E_ground = [-4, -4, -4, -4, -4, -4, -4, -4, -4, -4, -4, -4, -4, -4, -4, -4, -4, -4, -4, -4, -4, -4, -4, -4, -4, -4, -4, -4, -4, -4, -4, -4, -4, -4, -4, -4, -4, -4, -4, -4, -4, -4, -4, -4, -4, -4, -4, -4, -4, -4, -4, -4, -4, -4, -4, -4, -4, -4, -4, -4, -4, -4, -4, -4, -4, -4, ]