START_PARAMETERS
DIAG =                       false
DIFFERENCE_LIMIT_ADIA =      0.01
TAU_INIT_ADIA =              0.1
MAX_TAU_ADIA =               20
TAU_SCALAR_ADIA =            1.15
TIME_STEP_ADIA =             0.001
g_initial =        0.1
f_initial =        0.1
g_targe t =        0.1
f_target =         1
j_initial =        0.1
k_initial =        0.09
b_initial =        0.81
j_target =         0.1
k_target =         0.9
b_target =         0
PERIODIC =         true
UNIFORM_SITES =    true
DEVICE_DIMENSION = 2
MAX_PARAM =        1
MIN_PARAM =        0
END_PARAMETERS




##############################################################################
##############################################################################
tau =               20
total_steps =       20000
ground_E =          -7.24417

tau_array = [0.1, 0.2, 0.3, 0.4, 0.5, 0.6, 0.7, 0.8, 0.9, 1, 1.1, 1.2, 1.3, 1.4, 1.5, 1.6, 1.7, 1.8, 1.9, 2, 2.1, 2.2, 2.3, 2.4, 2.5, 2.6, 2.7, 2.8, 2.9, 3, 3.1, 3.2, 3.3, 3.4, 3.5, 3.6, 3.7, 3.8, 3.9, 4, 4.1, 4.2, 4.3, 4.4, 4.5, 4.6, 4.7, 4.8, 4.9, 5, 5.1, 5.2, 5.3, 5.4, 5.5, 5.6, 5.7, 5.8, 5.9, 6, 6.1, 6.2, 6.3, 6.4, 6.5, 6.6, 6.7, 6.8, 6.9, 7, 7.1, 7.2, 7.3, 7.4, 7.5, 7.6, 7.7, 7.8, 7.9, 8, 8.1, 8.2, 8.3, 8.4, 8.5, 8.6, 8.7, 8.8, 8.9, 9, 9.1, 9.2, 9.3, 9.4, 9.5, 9.6, 9.7, 9.8, 9.9, 10, 10.1, 10.2, 10.3, 10.4, 10.5, 10.6, 10.7, 10.8, 10.9, 11, 11.1, 11.2, 11.3, 11.4, 11.5, 11.6, 11.7, 11.8, 11.9, 12, 12.1, 12.2, 12.3, 12.4, 12.5, 12.6, 12.7, 12.8, 12.9, 13, 13.1, 13.2, 13.3, 13.4, 13.5, 13.6, 13.7, 13.8, 13.9, 14, 14.1, 14.2, 14.3, 14.4, 14.5, 14.6, 14.7, 14.8, 14.9, 15, 15.1, 15.2, 15.3, 15.4, 15.5, 15.6, 15.7, 15.8, 15.9, 16, 16.1, 16.2, 16.3, 16.4, 16.5, 16.6, 16.7, 16.8, 16.9, 17, 17.1, 17.2, 17.3, 17.4, 17.5, 17.6, 17.7, 17.8, 17.9, 18, 18.1, 18.2, 18.3, 18.4, 18.5, 18.6, 18.7, 18.8, 18.9, 19, 19.1, 19.2, 19.3, 19.4, 19.5, 19.6, 19.7, 19.8, 19.9, ]
best_E_array = [-6.01836, -6.04268, -6.08134, -6.1317, -6.19047, -6.25398, -6.31792, -6.38024, -6.43752, -6.48777, -6.52991, -6.56406, -6.5902, -6.60999, -6.62512, -6.63743, -6.64871, -6.66042, -6.6736, -6.6888, -6.70604, -6.7249, -6.74466, -6.7644, -6.78321, -6.80033, -6.81521, -6.82763, -6.83768, -6.84574, -6.85238, -6.85829, -6.86414, -6.8705, -6.87777, -6.88611, -6.89544, -6.90552, -6.91592, -6.92617, -6.93581, -6.94446, -6.95191, -6.95809, -6.96311, -6.96724, -6.97079, -6.97423, -6.97787, -6.98199, -6.98677, -6.99221, -6.99821, -7.00454, -7.01094, -7.01709, -7.02274, -7.02768, -7.03185, -7.03526, -7.03804, -7.0404, -7.0426, -7.04487, -7.04743, -7.05042, -7.05388, -7.05776, -7.06194, -7.06624, -7.07045, -7.07437, -7.07786, -7.08082, -7.08326, -7.08523, -7.08687, -7.08836, -7.08986, -7.09154, -7.09351, -7.09583, -7.09848, -7.10138, -7.10442, -7.10744, -7.11029, -7.11285, -7.11505, -7.11686, -7.11831, -7.1195, -7.12054, -7.12157, -7.12272, -7.12407, -7.12568, -7.12756, -7.12965, -7.13188, -7.13412, -7.13626, -7.13821, -7.13988, -7.14127, -7.14237, -7.14326, -7.14402, -7.14474, -7.14554, -7.1465, -7.14765, -7.14902, -7.15058, -7.15225, -7.15396, -7.15561, -7.15712, -7.15844, -7.15952, -7.16038, -7.16106, -7.16162, -7.16215, -7.16272, -7.16341, -7.16426, -7.16528, -7.16645, -7.16774, -7.16907, -7.17037, -7.17158, -7.17263, -7.17349, -7.17418, -7.17471, -7.17514, -7.17553, -7.17595, -7.17645, -7.17708, -7.17785, -7.17876, -7.17977, -7.18082, -7.18187, -7.18284, -7.18369, -7.1844, -7.18496, -7.18538, -7.18571, -7.18601, -7.18631, -7.18668, -7.18716, -7.18776, -7.18847, -7.18927, -7.19012, -7.19097, -7.19177, -7.19247, -7.19306, -7.19352, -7.19386, -7.19412, -7.19434, -7.19457, -7.19485, -7.19521, -7.19568, -7.19624, -7.19689, -7.19758, -7.19829, -7.19895, -7.19954, -7.20003, -7.20041, -7.2007, -7.20091, -7.20108, -7.20125, -7.20146, -7.20174, -7.2021, -7.20256, -7.20309, -7.20366, -7.20425, -7.2048, -7.2053, -7.20572, -7.20604, -7.20628, -7.20645, -7.20658, ]

