START_PARAMETERS
MAX_CHANGE_FRACTION_MCBB =     0.9
MIN_CHANGE_FRACTION_MCBB =     0.01
NUMBER_OF_BANGS =              4
SWEEPS_MCBB =                  40
GROUND_E =                -4.54703
INITIAL_E =               -4.54449
j_initial =               0.95
k_initial =               0.95
b_initial =               0
j_target =                0.875
k_target =                0.8
b_target =                0
init_target_dot_squared = 0.999568
init_state = [0.22985, 0, 0.627963, 0, 0.22985, 0, 0.22985, 0, 0.627963, 0, 0.22985, 0, ]
target_state = [0.23903, 0, 0.621071, 0, 0.23903, 0, 0.23903, 0, 0.621071, 0, 0.23903, 0, ]
PERIODIC =                false
UNIFORM_SITES =           true
DEVICE_DIMENSION =        2
MAX_PARAM =               1
MIN_PARAM =               0
MIN_PARAM =               0
DIAG =                    false
NUM_SEEDS =               4
DISTANCE_LIMIT =          0.03
TAU_INIT =                0.1
MAX_TAU =                 1.5
TAU_SCALAR =              1.2
TAU_SCALAR_TINY =         1.1
TAU_SCALAR_BIG =          1.3
ACCEPTANCE_PROB =         0.85
TEMP_EXP_DECAY =          0.8
TEMP_DECAY_ITERATIONS =   25
TEMP_DECAY_LIMIT =        10
RANDOM_STATES =           3
END_PARAMETERS
##############################################################################
clock_duration  =         8.46172
tau =               0.1
best_E =          -4.547
evolved_target_dot_squared =   0.87235
best_evolved_state = [0.222338, 0.085682, 0.580783, 0.221675, 0.222338, 0.085682, 0.222338, 0.085682, 0.580783, 0.221675, 0.222338, 0.085682, ]
distance =          0.0110167
j_protocol =  [[0, 0.0389018, 0.039563, 0.0669019, 0.0746243, 0.0773419, 0.0773419, 0.0773419, ],[0, 0.0202977, 0.0202977, 0.0375864, 0.0375864, 0.0548533, 0.1, 0.1, ],[0, 0.0191497, 0.0191497, 0.0499861, 0.0514008, 0.0551624, 0.0968714, 0.0968714, ],[0, 0.0249272, 0.053254, 0.069842, 0.069842, 0.0787406, 0.1, 0.1, ],]
k_protocol = [[0, 0, 0.00613166, 0.00613166, 0.0344162, 0.0754983, 0.0754983, 0.1, ],[0, 0, 0.0312308, 0.0397539, 0.0511744, 0.0612857, 0.0652549, 0.1, ],[0.00254429, 0.00254429, 0.00514672, 0.00514672, 0.0283859, 0.062283, 0.0811685, 0.0986207, ],[0.0136134, 0.0179426, 0.0214906, 0.0231041, 0.0584288, 0.0972684, 0.0972684, 0.1, ],]
b_protocol = [[0, 0.0128124, 0.0146756, 0.0345561, 0.0396581, 0.0720324, 0.0935539, 0.1, ],[0, 0.00259262, 0.0154427, 0.0420368, 0.0485176, 0.0619271, 0.0947731, 0.1, ],[0, 0.0018748, 0.00935515, 0.0121329, 0.0207243, 0.0708148, 0.0892947, 0.1, ],[0, 0.000623026, 0.0141464, 0.0547232, 0.0697729, 0.0855621, 0.0903179, 0.1, ],]
j/k/b =   [1, 0, 1, 0, 1, 0, 1, 0, ]
best_E_fixed_tau =   [-4.547, -4.54682, -4.5466, -4.54624, ]
evolved_state_fixed_tau =   [[0.222338, 0.085682, 0.580783, 0.221675, 0.222338, 0.085682, 0.222338, 0.085682, 0.580783, 0.221675, 0.222338, 0.085682, ],[0.226232, 0.0685561, 0.596279, 0.1808, 0.226232, 0.0685561, 0.226232, 0.0685561, 0.596279, 0.1808, 0.226232, 0.0685561, ],[0.225572, 0.0670977, 0.598769, 0.175233, 0.225572, 0.0670977, 0.225572, 0.0670977, 0.598769, 0.175233, 0.225572, 0.0670977, ],[0.225513, 0.0629576, 0.603087, 0.163238, 0.225513, 0.0629576, 0.225513, 0.0629576, 0.603087, 0.163238, 0.225513, 0.0629576, ],]
