START_PARAMETERS
MAX_CHANGE_FRACTION_MCBB =     0.9
MIN_CHANGE_FRACTION_MCBB =     0.01
NUMBER_OF_BANGS =              4
SWEEPS_MCBB =                  40
GROUND_E =                -5.0201
INITIAL_E =               -5.01769
j_initial =               0.05
k_initial =               0.05
b_initial =               0
j_target =                0.875
k_target =                0.95
b_target =                0
init_target_dot_squared = 0.999615
init_state = [-0.22985, 0, -0.627963, 0, -0.22985, 0, -0.22985, 0, -0.627963, 0, -0.22985, 0, ]
target_state = [-0.221089, 0, -0.634223, 0, -0.221089, 0, -0.221089, 0, -0.634223, 0, -0.221089, 0, ]
PERIODIC =                false
UNIFORM_SITES =           true
DEVICE_DIMENSION =        2
MAX_PARAM =               1
MIN_PARAM =               0
MIN_PARAM =               0
DIAG =                    false
NUM_SEEDS =               4
DISTANCE_LIMIT =          0.03
TAU_INIT =                0.1
MAX_TAU =                 1.5
TAU_SCALAR =              1.2
TAU_SCALAR_TINY =         1.1
TAU_SCALAR_BIG =          1.3
ACCEPTANCE_PROB =         0.85
TEMP_EXP_DECAY =          0.8
TEMP_DECAY_ITERATIONS =   25
TEMP_DECAY_LIMIT =        10
RANDOM_STATES =           3
END_PARAMETERS
##############################################################################
clock_duration  =         7.81601
tau =               0.1
best_E =          -5.02005
evolved_target_dot_squared =   0.87901
best_evolved_state = [-0.208461, -0.0767579, -0.593798, -0.220699, -0.208461, -0.0767579, -0.208461, -0.0767579, -0.593798, -0.220699, -0.208461, -0.0767579, ]
distance =          0.0181503
j_protocol =  [[0.00183225, 0.00183225, 0.0367277, 0.0928416, 0.0928416, 0.0928416, 0.0928416, 0.1, ],[0, 0, 0.0204649, 0.0319313, 0.0435995, 0.0441834, 0.088062, 0.1, ],[0.0115649, 0.0115649, 0.0274561, 0.0502717, 0.0502717, 0.0626675, 0.0782203, 0.1, ],[0.00375893, 0.0112369, 0.0551868, 0.0714816, 0.0714816, 0.0976274, 0.0976274, 0.1, ],]
k_protocol = [[0, 0, 0, 0.00394882, 0.00394882, 0.00712295, 0.0127759, 0.0721611, ],[0, 0.00338275, 0.0330335, 0.0330335, 0.0549774, 0.0549774, 0.0698863, 0.0928319, ],[0, 0.00514672, 0.00514672, 0.0173066, 0.0173066, 0.0588973, 0.0922595, 0.0922595, ],[0, 0.021969, 0.021969, 0.0319439, 0.0570922, 0.0805072, 0.0990616, 0.0990616, ],]
b_protocol = [[0, 0.0128124, 0.0146756, 0.0345561, 0.0396581, 0.0720324, 0.0935539, 0.1, ],[0, 0.00259262, 0.0154427, 0.0420368, 0.0485176, 0.0619271, 0.0947731, 0.1, ],[0, 0.0018748, 0.00935515, 0.0121329, 0.0207243, 0.0708148, 0.0892947, 0.1, ],[0, 0.000623026, 0.0141464, 0.0547232, 0.0697729, 0.0855621, 0.0903179, 0.1, ],]
j/k/b =   [1, 0, 1, 0, 1, 0, 1, 0, ]
best_E_fixed_tau =   [-5.02005, -5.01776, -5.01987, -5.01938, ]
evolved_state_fixed_tau =   [[-0.208461, -0.0767579, -0.593798, -0.220699, -0.208461, -0.0767579, -0.208461, -0.0767579, -0.593798, -0.220699, -0.208461, -0.0767579, ],[-0.2276, -0.0300016, -0.621986, -0.0879154, -0.2276, -0.0300016, -0.2276, -0.0300016, -0.621986, -0.0879154, -0.2276, -0.0300016, ],[-0.212662, -0.0696426, -0.600827, -0.197122, -0.212662, -0.0696426, -0.212662, -0.0696426, -0.600827, -0.197122, -0.212662, -0.0696426, ],[-0.216316, -0.0641928, -0.603405, -0.184598, -0.216316, -0.0641928, -0.216316, -0.0641928, -0.603405, -0.184598, -0.216316, -0.0641928, ],]
