START_PARAMETERS
MAX_CHANGE_FRACTION_MCBB =     0.9
MIN_CHANGE_FRACTION_MCBB =     0.01
NUMBER_OF_BANGS =              4
SWEEPS_MCBB =                  40
GROUND_E =                -4.13747
INITIAL_E =               -4.13468
j_initial =               0.95
k_initial =               0.95
b_initial =               0
j_target =                0.8
k_target =                0.725
b_target =                0
init_target_dot_squared = 0.999481
init_state = [0.22985, 0, 0.627963, 0, 0.22985, 0, 0.22985, 0, 0.627963, 0, 0.22985, 0, ]
target_state = [-0.239911, 0, -0.620391, 0, -0.239911, 0, -0.239911, 0, -0.620391, 0, -0.239911, 0, ]
PERIODIC =                false
UNIFORM_SITES =           true
DEVICE_DIMENSION =        2
MAX_PARAM =               1
MIN_PARAM =               0
MIN_PARAM =               0
DIAG =                    false
NUM_SEEDS =               4
DISTANCE_LIMIT =          0.03
TAU_INIT =                0.1
MAX_TAU =                 1.5
TAU_SCALAR =              1.2
TAU_SCALAR_TINY =         1.1
TAU_SCALAR_BIG =          1.3
ACCEPTANCE_PROB =         0.85
TEMP_EXP_DECAY =          0.8
TEMP_DECAY_ITERATIONS =   25
TEMP_DECAY_LIMIT =        10
RANDOM_STATES =           3
END_PARAMETERS
##############################################################################
clock_duration  =         8.6947
tau =               0.1
best_E =          -4.13739
evolved_target_dot_squared =   0.856987
best_evolved_state = [0.220377, 0.0908173, 0.575647, 0.234528, 0.220377, 0.0908173, 0.220377, 0.0908173, 0.575647, 0.234528, 0.220377, 0.0908173, ]
distance =          0.0295974
j_protocol =  [[0, 0.00479531, 0.00479531, 0.0553611, 0.055646, 0.0735693, 0.0962882, 0.0962882, ],[0, 0.0200816, 0.0200816, 0.0385143, 0.0387271, 0.0620904, 0.0942436, 0.0942436, ],[0, 0.0220959, 0.0220959, 0.0506855, 0.0506855, 0.0557153, 0.0936024, 0.0936024, ],[0, 0.0316305, 0.0533607, 0.069842, 0.069842, 0.0759743, 0.1, 0.1, ],]
k_protocol = [[0, 0, 0.000318729, 0.000318729, 0.0304922, 0.0947997, 0.0947997, 0.1, ],[0, 0, 0.0281234, 0.0388242, 0.0517031, 0.0656577, 0.0656577, 0.1, ],[0.00254429, 0.00254429, 0.00514672, 0.00514672, 0.0292704, 0.0685836, 0.0849389, 0.1, ],[0.0142789, 0.0211575, 0.0211575, 0.0211575, 0.0559043, 0.0972684, 0.0972684, 0.1, ],]
b_protocol = [[0, 0.0128124, 0.0146756, 0.0345561, 0.0396581, 0.0720324, 0.0935539, 0.1, ],[0, 0.00259262, 0.0154427, 0.0420368, 0.0485176, 0.0619271, 0.0947731, 0.1, ],[0, 0.0018748, 0.00935515, 0.0121329, 0.0207243, 0.0708148, 0.0892947, 0.1, ],[0, 0.000623026, 0.0141464, 0.0547232, 0.0697729, 0.0855621, 0.0903179, 0.1, ],]
j/k/b =   [1, 0, 1, 0, 1, 0, 1, 0, ]
best_E_fixed_tau =   [-4.13739, -4.13729, -4.13699, -4.13669, ]
evolved_state_fixed_tau =   [[0.220377, 0.0908173, 0.575647, 0.234528, 0.220377, 0.0908173, 0.220377, 0.0908173, 0.575647, 0.234528, 0.220377, 0.0908173, ],[0.224556, 0.0771763, 0.589221, 0.200139, 0.224556, 0.0771763, 0.224556, 0.0771763, 0.589221, 0.200139, 0.224556, 0.0771763, ],[0.225262, 0.0695258, 0.59577, 0.184132, 0.225262, 0.0695258, 0.225262, 0.0695258, 0.59577, 0.184132, 0.225262, 0.0695258, ],[0.224892, 0.0676955, 0.59926, 0.174842, 0.224892, 0.0676955, 0.224892, 0.0676955, 0.59926, 0.174842, 0.224892, 0.0676955, ],]
