START_PARAMETERS
MAX_CHANGE_FRACTION_MCBB =     0.9
MIN_CHANGE_FRACTION_MCBB =     0.01
NUMBER_OF_BANGS =              4
SWEEPS_MCBB =                  40
GROUND_E =                -4.61051
INITIAL_E =               -4.60788
j_initial =               0.95
k_initial =               0.95
b_initial =               0
j_target =                0.8
k_target =                0.875
b_target =                0
init_target_dot_squared = 0.999541
init_state = [0.22985, 0, 0.627963, 0, 0.22985, 0, 0.22985, 0, 0.627963, 0, 0.22985, 0, ]
target_state = [0.22029, 0, 0.634779, 0, 0.22029, 0, 0.22029, 0, 0.634779, 0, 0.22029, 0, ]
PERIODIC =                false
UNIFORM_SITES =           true
DEVICE_DIMENSION =        2
MAX_PARAM =               1
MIN_PARAM =               0
MIN_PARAM =               0
DIAG =                    false
NUM_SEEDS =               4
DISTANCE_LIMIT =          0.03
TAU_INIT =                0.1
MAX_TAU =                 1.5
TAU_SCALAR =              1.2
TAU_SCALAR_TINY =         1.1
TAU_SCALAR_BIG =          1.3
ACCEPTANCE_PROB =         0.85
TEMP_EXP_DECAY =          0.8
TEMP_DECAY_ITERATIONS =   25
TEMP_DECAY_LIMIT =        10
RANDOM_STATES =           3
END_PARAMETERS
##############################################################################
clock_duration  =         8.45911
tau =               0.1
best_E =          -4.61047
evolved_target_dot_squared =   0.876292
best_evolved_state = [0.207327, 0.0774477, 0.593448, 0.223281, 0.207327, 0.0774477, 0.207327, 0.0774477, 0.593448, 0.223281, 0.207327, 0.0774477, ]
distance =          0.013406
j_protocol =  [[0.0346771, 0.0520828, 0.0534213, 0.0916136, 0.0916136, 0.1, 0.1, 0.1, ],[0, 0, 0.022832, 0.022832, 0.0391864, 0.0391864, 0.0827955, 0.1, ],[0.0125585, 0.0125585, 0.0294053, 0.0449183, 0.0449755, 0.0605587, 0.0779223, 0.1, ],[0.00865025, 0.0180251, 0.0540443, 0.0714816, 0.0714816, 0.0977815, 0.0977815, 0.1, ],]
k_protocol = [[0, 0, 0, 0.016094, 0.016094, 0.016094, 0.016094, 0.0673577, ],[0, 0.00264264, 0.0328832, 0.0331287, 0.0549768, 0.0560937, 0.0738376, 0.088621, ],[0, 0.00514672, 0.00514672, 0.0112758, 0.0112758, 0.0551015, 0.0933324, 0.0933324, ],[0, 0.0215233, 0.0215233, 0.0335797, 0.0536938, 0.0786547, 0.0990616, 0.0990616, ],]
b_protocol = [[0, 0.0128124, 0.0146756, 0.0345561, 0.0396581, 0.0720324, 0.0935539, 0.1, ],[0, 0.00259262, 0.0154427, 0.0420368, 0.0485176, 0.0619271, 0.0947731, 0.1, ],[0, 0.0018748, 0.00935515, 0.0121329, 0.0207243, 0.0708148, 0.0892947, 0.1, ],[0, 0.000623026, 0.0141464, 0.0547232, 0.0697729, 0.0855621, 0.0903179, 0.1, ],]
j/k/b =   [1, 0, 1, 0, 1, 0, 1, 0, ]
best_E_fixed_tau =   [-4.61047, -4.60827, -4.61011, -4.60981, ]
evolved_state_fixed_tau =   [[0.207327, 0.0774477, 0.593448, 0.223281, 0.207327, 0.0774477, 0.207327, 0.0774477, 0.593448, 0.223281, 0.207327, 0.0774477, ],[0.228042, 0.0215421, 0.625387, 0.0629094, 0.228042, 0.0215421, 0.228042, 0.0215421, 0.625387, 0.0629094, 0.228042, 0.0215421, ],[0.21433, 0.0651388, 0.604606, 0.184636, 0.21433, 0.0651388, 0.21433, 0.0651388, 0.604606, 0.184636, 0.21433, 0.0651388, ],[0.214568, 0.0677353, 0.600626, 0.194919, 0.214568, 0.0677353, 0.214568, 0.0677353, 0.600626, 0.194919, 0.214568, 0.0677353, ],]
