START_PARAMETERS
MAX_CHANGE_FRACTION_MCBB =     0.9
MIN_CHANGE_FRACTION_MCBB =     0.01
NUMBER_OF_BANGS =              4
SWEEPS_MCBB =                  40
GROUND_E =                -4.95663
INITIAL_E =               -4.95429
j_initial =               0.05
k_initial =               0.05
b_initial =               0
j_target =                0.95
k_target =                0.875
b_target =                0
init_target_dot_squared = 0.999635
init_state = [-0.22985, 0, -0.627963, 0, -0.22985, 0, -0.22985, 0, -0.627963, 0, -0.22985, 0, ]
target_state = [-0.23829, 0, -0.62164, 0, -0.23829, 0, -0.23829, 0, -0.62164, 0, -0.23829, 0, ]
PERIODIC =                false
UNIFORM_SITES =           true
DEVICE_DIMENSION =        2
MAX_PARAM =               1
MIN_PARAM =               0
MIN_PARAM =               0
DIAG =                    false
NUM_SEEDS =               4
DISTANCE_LIMIT =          0.03
TAU_INIT =                0.1
MAX_TAU =                 1.5
TAU_SCALAR =              1.2
TAU_SCALAR_TINY =         1.1
TAU_SCALAR_BIG =          1.3
ACCEPTANCE_PROB =         0.85
TEMP_EXP_DECAY =          0.8
TEMP_DECAY_ITERATIONS =   25
TEMP_DECAY_LIMIT =        10
RANDOM_STATES =           3
END_PARAMETERS
##############################################################################
clock_duration  =         8.33713
tau =               0.1
best_E =          -4.95662
evolved_target_dot_squared =   0.899402
best_evolved_state = [-0.225322, -0.0756235, -0.590053, -0.197129, -0.225322, -0.0756235, -0.225322, -0.0756235, -0.590053, -0.197129, -0.225322, -0.0756235, ]
distance =          0.00630045
j_protocol =  [[0, 0.00916976, 0.00916976, 0.0343489, 0.0343489, 0.0343489, 0.0354489, 0.0616844, ],[0, 0.0198726, 0.0198726, 0.0321883, 0.0356471, 0.0557416, 0.0985556, 0.0985556, ],[0, 0.0141818, 0.0141818, 0.0473616, 0.052957, 0.0560085, 0.0939181, 0.0939181, ],[0, 0.0195996, 0.0530666, 0.0694589, 0.0722034, 0.0852917, 0.1, 0.1, ],]
k_protocol = [[0, 0, 0, 0, 0.0135182, 0.0148173, 0.0430625, 0.1, ],[0, 0, 0.0315758, 0.0389754, 0.0532194, 0.0583369, 0.0636024, 0.1, ],[0, 0, 0.00707249, 0.00707249, 0.0299806, 0.0631013, 0.0851099, 0.1, ],[0.0131615, 0.0131615, 0.0223935, 0.0252755, 0.055926, 0.0950395, 0.0950395, 0.1, ],]
b_protocol = [[0, 0.0128124, 0.0146756, 0.0345561, 0.0396581, 0.0720324, 0.0935539, 0.1, ],[0, 0.00259262, 0.0154427, 0.0420368, 0.0485176, 0.0619271, 0.0947731, 0.1, ],[0, 0.0018748, 0.00935515, 0.0121329, 0.0207243, 0.0708148, 0.0892947, 0.1, ],[0, 0.000623026, 0.0141464, 0.0547232, 0.0697729, 0.0855621, 0.0903179, 0.1, ],]
j/k/b =   [1, 0, 1, 0, 1, 0, 1, 0, ]
best_E_fixed_tau =   [-4.95662, -4.95636, -4.95625, -4.95583, ]
evolved_state_fixed_tau =   [[-0.225322, -0.0756235, -0.590053, -0.197129, -0.225322, -0.0756235, -0.225322, -0.0756235, -0.590053, -0.197129, -0.225322, -0.0756235, ],[-0.22661, -0.0653777, -0.600457, -0.167924, -0.22661, -0.0653777, -0.22661, -0.0653777, -0.600457, -0.167924, -0.22661, -0.0653777, ],[-0.226393, -0.0630027, -0.602134, -0.164283, -0.226393, -0.0630027, -0.226393, -0.0630027, -0.602134, -0.164283, -0.226393, -0.0630027, ],[-0.22527, -0.0612369, -0.604265, -0.160844, -0.22527, -0.0612369, -0.22527, -0.0612369, -0.604265, -0.160844, -0.22527, -0.0612369, ],]
