START_PARAMETERS
MAX_CHANGE_MCBF_INIT =       0.7
MIN_CHANGE_MCBF_INIT =       0.1
SWEEPS_MC =                  80
TOTAL_STEPS_INIT_MC =        5
MAX_EVOLVE_STEPS_MC =        30
ARRAY_SCALAR =               2
GROUND_E =                -4.54703
INITIAL_E =               -4.54449
j_initial =               0.95
k_initial =               0.95
b_initial =               0
j_target =                0.875
k_target =                0.8
b_target =                0
init_target_dot_squared = 0.999568
init_state = [0.22985, 0, 0.627963, 0, 0.22985, 0, 0.22985, 0, 0.627963, 0, 0.22985, 0, ]
target_state = [0.23903, 0, 0.621071, 0, 0.23903, 0, 0.23903, 0, 0.621071, 0, 0.23903, 0, ]
PERIODIC =                false
UNIFORM_SITES =           true
DEVICE_DIMENSION =        2
MAX_PARAM =               1
MIN_PARAM =               0
MIN_PARAM =               0
DIAG =                    false
NUM_SEEDS =               4
DISTANCE_LIMIT =          0.03
TAU_INIT =                0.1
MAX_TAU =                 1.5
TAU_SCALAR =              1.2
TAU_SCALAR_TINY =         1.1
TAU_SCALAR_BIG =          1.3
ACCEPTANCE_PROB =         0.85
TEMP_EXP_DECAY =          0.8
TEMP_DECAY_ITERATIONS =   25
TEMP_DECAY_LIMIT =        10
RANDOM_STATES =           3
END_PARAMETERS
##############################################################################
clock_duration  =         7.01522
tau =               0.1
total_steps =       5
time_step =       0.02
best_E =          -4.547
evolved_target_dot_squared =   0.891484
best_evolved_state = [0.224632, 0.0786004, 0.587219, 0.204692, 0.224632, 0.0786004, 0.224632, 0.0786004, 0.587219, 0.204692, 0.224632, 0.0786004, ]
distance =          0.0136228
j_protocol =  [[0.977954, 0.912215, 0.576789, 0.838071, 0.185993, ],[0.998902, 0.994638, 0.97921, 0.430377, 0.000630825, ],[0.999846, 0.999457, 0.996298, 0.152966, 0.00411451, ],[0.997525, 0.999976, 0.996464, 0.445853, 0.00176175, ],]
k_protocol =  [[0.163905, 0.453508, 0.82859, 0.963117, 0.941976, ],[0.0944049, 0.164423, 0.994144, 0.999946, 0.999955, ],[0.00130167, 0.0317731, 0.999797, 0.999346, 0.994437, ],[0.000766411, 0.455102, 0.852053, 0.996162, 0.99738, ],]
b_protocol =  [[0.417022, 0.932557, 0.302333, 0.236089, 0.18626, ],[0.435995, 0.931541, 0.435322, 0.320536, 0.204649, ],[0.550798, 0.839949, 0.510828, 0.437062, 0.125585, ],[0.96703, 0.172695, 0.714816, 0.597556, 0.976274, ],]
best_E_fixed_tau =   [-4.54663, -4.54698, -4.547, -4.54697, ]
evolved_state_fixed_tau =   [[0.219086, 0.0863404, 0.581226, 0.226427, 0.219086, 0.0863404, 0.219086, 0.0863404, 0.581226, 0.226427, 0.219086, 0.0863404, ],[0.222195, 0.0846058, 0.581932, 0.219767, 0.222195, 0.0846058, 0.222195, 0.0846058, 0.581932, 0.219767, 0.222195, 0.0846058, ],[0.224632, 0.0786004, 0.587219, 0.204692, 0.224632, 0.0786004, 0.224632, 0.0786004, 0.587219, 0.204692, 0.224632, 0.0786004, ],[0.221707, 0.0854802, 0.580914, 0.222749, 0.221707, 0.0854802, 0.221707, 0.0854802, 0.580914, 0.222749, 0.221707, 0.0854802, ],]
