START_PARAMETERS
MAX_CHANGE_MCBF_INIT =       0.7
MIN_CHANGE_MCBF_INIT =       0.1
SWEEPS_MC =                  80
TOTAL_STEPS_INIT_MC =        5
MAX_EVOLVE_STEPS_MC =        30
ARRAY_SCALAR =               2
GROUND_E =                -4.95663
INITIAL_E =               -4.95429
j_initial =               0.95
k_initial =               0.95
b_initial =               0
j_target =                0.95
k_target =                0.875
b_target =                0
init_target_dot_squared = 0.999635
init_state = [0.22985, 0, 0.627963, 0, 0.22985, 0, 0.22985, 0, 0.627963, 0, 0.22985, 0, ]
target_state = [-0.23829, 0, -0.62164, 0, -0.23829, 0, -0.23829, 0, -0.62164, 0, -0.23829, 0, ]
PERIODIC =                false
UNIFORM_SITES =           true
DEVICE_DIMENSION =        2
MAX_PARAM =               1
MIN_PARAM =               0
MIN_PARAM =               0
DIAG =                    false
NUM_SEEDS =               4
DISTANCE_LIMIT =          0.03
TAU_INIT =                0.1
MAX_TAU =                 1.5
TAU_SCALAR =              1.2
TAU_SCALAR_TINY =         1.1
TAU_SCALAR_BIG =          1.3
ACCEPTANCE_PROB =         0.85
TEMP_EXP_DECAY =          0.8
TEMP_DECAY_ITERATIONS =   25
TEMP_DECAY_LIMIT =        10
RANDOM_STATES =           3
END_PARAMETERS
##############################################################################
clock_duration  =         7.08795
tau =               0.1
total_steps =       5
time_step =       0.02
best_E =          -4.95662
evolved_target_dot_squared =   0.863551
best_evolved_state = [0.220734, 0.088018, 0.578213, 0.229628, 0.220734, 0.088018, 0.220734, 0.088018, 0.578213, 0.229628, 0.220734, 0.088018, ]
distance =          0.00700381
j_protocol =  [[0.914989, 0.98803, 0.855032, 0.422082, 0.125498, ],[0.997791, 0.994639, 0.999986, 0.553411, 0.00303598, ],[0.985976, 0.857635, 0.998679, 0.479589, 0.00439908, ],[0.999551, 0.999976, 0.999547, 0.254111, 0.0108642, ],]
k_protocol =  [[0.168683, 0.390752, 0.843677, 0.822973, 0.982037, ],[0.000545286, 0.501982, 0.90758, 0.999386, 0.999727, ],[0.00656521, 0.205897, 0.994536, 0.997014, 0.995212, ],[0.00295424, 0.380077, 0.969678, 0.79218, 0.996839, ],]
b_protocol =  [[0.417022, 0.932557, 0.302333, 0.236089, 0.18626, ],[0.435995, 0.931541, 0.435322, 0.320536, 0.204649, ],[0.550798, 0.839949, 0.510828, 0.437062, 0.125585, ],[0.96703, 0.172695, 0.714816, 0.597556, 0.976274, ],]
best_E_fixed_tau =   [-4.95644, -4.95662, -4.95661, -4.95659, ]
evolved_state_fixed_tau =   [[0.221118, 0.0820413, 0.584739, 0.216407, 0.221118, 0.0820413, 0.221118, 0.0820413, 0.584739, 0.216407, 0.221118, 0.0820413, ],[0.220734, 0.088018, 0.578213, 0.229628, 0.220734, 0.088018, 0.220734, 0.088018, 0.578213, 0.229628, 0.220734, 0.088018, ],[0.222552, 0.0826898, 0.58361, 0.216022, 0.222552, 0.0826898, 0.222552, 0.0826898, 0.58361, 0.216022, 0.222552, 0.0826898, ],[0.222897, 0.081202, 0.58514, 0.212268, 0.222897, 0.081202, 0.222897, 0.081202, 0.58514, 0.212268, 0.222897, 0.081202, ],]
