START_PARAMETERS
MAX_CHANGE_MCBF_INIT =       0.7
MIN_CHANGE_MCBF_INIT =       0.1
SWEEPS_MC =                  80
TOTAL_STEPS_INIT_MC =        5
MAX_EVOLVE_STEPS_MC =        30
ARRAY_SCALAR =               2
GROUND_E =                -4.61051
INITIAL_E =               -4.60788
j_initial =               0.95
k_initial =               0.95
b_initial =               0
j_target =                0.8
k_target =                0.875
b_target =                0
init_target_dot_squared = 0.999541
init_state = [0.22985, 0, 0.627963, 0, 0.22985, 0, 0.22985, 0, 0.627963, 0, 0.22985, 0, ]
target_state = [0.22029, 0, 0.634779, 0, 0.22029, 0, 0.22029, 0, 0.634779, 0, 0.22029, 0, ]
PERIODIC =                false
UNIFORM_SITES =           true
DEVICE_DIMENSION =        2
MAX_PARAM =               1
MIN_PARAM =               0
MIN_PARAM =               0
DIAG =                    false
NUM_SEEDS =               4
DISTANCE_LIMIT =          0.03
TAU_INIT =                0.1
MAX_TAU =                 1.5
TAU_SCALAR =              1.2
TAU_SCALAR_TINY =         1.1
TAU_SCALAR_BIG =          1.3
ACCEPTANCE_PROB =         0.85
TEMP_EXP_DECAY =          0.8
TEMP_DECAY_ITERATIONS =   25
TEMP_DECAY_LIMIT =        10
RANDOM_STATES =           3
END_PARAMETERS
##############################################################################
clock_duration  =         6.89626
tau =               0.1
total_steps =       5
time_step =       0.02
best_E =          -4.61044
evolved_target_dot_squared =   0.876292
best_evolved_state = [0.206499, 0.0807845, 0.589625, 0.232393, 0.206499, 0.0807845, 0.206499, 0.0807845, 0.589625, 0.232393, 0.206499, 0.0807845, ]
distance =          0.0249582
j_protocol =  [[0.179124, 0.290725, 0.575363, 0.950824, 0.79481, ],[0.00283122, 0.296639, 0.884991, 0.999582, 0.990882, ],[0.000411102, 0.121407, 0.871469, 0.99962, 0.988103, ],[0.000366101, 0.353613, 0.997578, 0.991854, 0.996495, ],]
k_protocol =  [[0.868498, 0.902322, 0.960929, 0.134642, 0.0185319, ],[0.997896, 0.995911, 0.998595, 0.328593, 0.000801803, ],[0.998412, 0.999999, 0.996955, 0.113103, 0.0173613, ],[0.999435, 0.99919, 0.99804, 0.512317, 6.68546e-05, ],]
b_protocol =  [[0.417022, 0.932557, 0.302333, 0.236089, 0.18626, ],[0.435995, 0.931541, 0.435322, 0.320536, 0.204649, ],[0.550798, 0.839949, 0.510828, 0.437062, 0.125585, ],[0.96703, 0.172695, 0.714816, 0.597556, 0.976274, ],]
best_E_fixed_tau =   [-4.61004, -4.61043, -4.61043, -4.61044, ]
evolved_state_fixed_tau =   [[0.213679, 0.0682554, 0.601677, 0.19326, 0.213679, 0.0682554, 0.213679, 0.0682554, 0.601677, 0.19326, 0.213679, 0.0682554, ],[0.208146, 0.076984, 0.593961, 0.220699, 0.208146, 0.076984, 0.208146, 0.076984, 0.593961, 0.220699, 0.208146, 0.076984, ],[0.209766, 0.0724552, 0.598534, 0.207978, 0.209766, 0.0724552, 0.209766, 0.0724552, 0.598534, 0.207978, 0.209766, 0.0724552, ],[0.206499, 0.0807845, 0.589625, 0.232393, 0.206499, 0.0807845, 0.206499, 0.0807845, 0.589625, 0.232393, 0.206499, 0.0807845, ],]
