START_PARAMETERS
MAX_STEPS_MCDB =               32
MIN_STEPS_MCDB =               4
STEPS_CRUNCH_MCDB =            1
SWEEPS_MCDB =                  100
TOTAL_STEP_CHANGES =                  6
MCBB_SECONDARY =                  1
SWEEPS_MCBB_SECONDARY =                  50
NUMBER_OF_BANGS =                  6
GROUND_E =                -3.5361
INITIAL_E =               -3.41714
j_initial =               0.409
k_initial =               0.5
b_initial =               0
j_target =                0.824
k_target =                0.5
b_target =                0
init_target_dot_squared = 0.976546
init_state = [0.207977, 0, 0.643033, 0, 0.207977, 0, 0.207977, 0, 0.643033, 0, 0.207977, 0, ]
target_state = [0.275158, 0, 0.590404, 0, 0.275158, 0, 0.275158, 0, 0.590404, 0, 0.275158, 0, ]
USE_ENERGY_DISTANCE =     false
PERIODIC =                false
UNIFORM_SITES =           true
DEVICE_DIMENSION =        2
MAX_PARAM =               1
MIN_PARAM =               0
MIN_PARAM =               0
DIAG =                    true
NUM_SEEDS =               1
NUMBER_OF_BANGS =               6
DISTANCE_LIMIT =          0.02
TAU_INIT =                0.05
MAX_TAU =                 5
TAU_SCALAR =              1.2
TAU_SCALAR_TINY =         1.1
TAU_SCALAR_BIG =          1.4
ACCEPTANCE_PROB =         0.85
TEMP_EXP_DECAY =          0.8
MIN_TEMP_FRACTION =       0.01
TEMP_DECAY_ITERATIONS =   21
ZERO_TEMP_ITREATIONS =    15
RANDOM_STATES =           3
END_PARAMETERS
##############################################################################
clock_duration  =         1.45133
tau =                     0.05
total_steps =             32
time_step =               0.0015625
best_mc_result =          0.0217249
best_mc_result_non_secondary =          0.0217254
evolved_target_dot_squared =  0.978275
distance =          0.926292
j_protocol =  [[1, 1, 1, 1, 1, 1, 1, 1, 1, 1, 1, 1, 1, 1, 1, 1, 1, 1, 1, 1, 1, 1, 1, 1, 0, 0, 0, 0, 0, 0, 0, 0, ],]
k_protocol =  [[0, 0, 0, 0, 0, 0, 0, 0, 0, 0, 0, 1, 1, 1, 1, 1, 1, 1, 1, 1, 1, 1, 1, 1, 1, 1, 1, 1, 1, 1, 1, 1, ],]
j_protocol_secondary =  [0, 0.0297827, 0.0297827, 0.0309712, 0.0309712, 0.0365369, 0.0365369, 0.0374447, 0.0467216, 0.0467216, 0.0497668, 0.0497668, ]
k_protocol_secondary =  [0.0028868, 0.0028868, 0.015059, 0.015059, 0.0168571, 0.0174647, 0.0174647, 0.0192161, 0.0192161, 0.0448241, 0.0448241, 0.05, ]
best_evolved_state = [0.205726, 0.0480032, 0.630397, 0.115518, 0.205726, 0.0480032, 0.205726, 0.0480032, 0.630397, 0.115518, 0.205726, 0.0480032, ]
best_mc_result_fixed_tau =   [0.0217254, ]
evolved_state_fixed_tau =   [[0.205751, 0.0480756, 0.630515, 0.114725, 0.205751, 0.0480756, 0.205751, 0.0480756, 0.630515, 0.114725, 0.205751, 0.0480756, ],]
##############################################################################
clock_duration  =         4.27158
tau =                     0.0725
total_steps =             32
time_step =               0.004375
best_mc_result =          0.0199031
best_mc_result_non_secondary =          0
evolved_target_dot_squared =  0.980097
distance =          0.848616
j_protocol =  [[0, 0, 0, 0, 0, 0, 0, 0, 0, 0, 0, 0, 0, 0, 0, 0, 0, 0, 0, 0, 0, 0, 0, 0, 0, 0, 0, 0, 0, 0, 0, 0, ],]
k_protocol =  [[0, 0, 0, 0, 0, 0, 0, 0, 0, 0, 0, 0, 0, 0, 0, 0, 0, 0, 0, 0, 0, 0, 0, 0, 0, 0, 0, 0, 0, 0, 0, 0, ],]
j_protocol_secondary =  [0, 0.00597422, 0.00597422, 0.0115972, 0.0115972, 0.0243634, 0.0243634, 0.0268215, 0.0268215, 0.054239, 0.0633653, 0.0633653, ]
k_protocol_secondary =  [0.00562249, 0.00562249, 0.019914, 0.019914, 0.0244809, 0.0345628, 0.0345628, 0.0510754, 0.0510754, 0.0632392, 0.0632392, 0.0725, ]
best_evolved_state = [0.203275, 0.0692908, 0.616614, 0.165961, 0.203275, 0.0692908, 0.203275, 0.0692908, 0.616614, 0.165961, 0.203275, 0.0692908, ]
best_mc_result_fixed_tau =   [0.011813, ]
evolved_state_fixed_tau =   [[0.19081, 0.13173, 0.547296, 0.304868, 0.19081, 0.13173, 0.19081, 0.13173, 0.547296, 0.304868, 0.19081, 0.13173, ],]
