START_PARAMETERS
MAX_STEPS_MCDB =               32
MIN_STEPS_MCDB =               4
STEPS_CRUNCH_MCDB =            1
SWEEPS_MCDB =                  100
TOTAL_STEP_CHANGES =                  6
MCBB_SECONDARY =                  1
SWEEPS_MCBB_SECONDARY =                  50
NUMBER_OF_BANGS =                  6
GROUND_E =                -2.008
INITIAL_E =               -1.94275
j_initial =               0.513
k_initial =               0.031
b_initial =               0
j_target =                0.503
k_target =                0.25
b_target =                0
init_target_dot_squared = 0.978364
init_state = [0.345924, 0, 0.510561, 0, 0.345924, 0, 0.345924, 0, 0.510561, 0, 0.345924, 0, ]
target_state = [0.289058, 0, 0.576967, 0, 0.289058, 0, 0.289058, 0, 0.576967, 0, 0.289058, 0, ]
USE_ENERGY_DISTANCE =     false
PERIODIC =                false
UNIFORM_SITES =           true
DEVICE_DIMENSION =        2
MAX_PARAM =               1
MIN_PARAM =               0
MIN_PARAM =               0
DIAG =                    true
NUM_SEEDS =               1
NUMBER_OF_BANGS =               6
DISTANCE_LIMIT =          0.02
TAU_INIT =                0.05
MAX_TAU =                 5
TAU_SCALAR =              1.2
TAU_SCALAR_TINY =         1.1
TAU_SCALAR_BIG =          1.4
ACCEPTANCE_PROB =         0.85
TEMP_EXP_DECAY =          0.8
MIN_TEMP_FRACTION =       0.01
TEMP_DECAY_ITERATIONS =   21
ZERO_TEMP_ITREATIONS =    15
RANDOM_STATES =           3
END_PARAMETERS
##############################################################################
clock_duration  =         1.54189
tau =                     0.05
total_steps =             32
time_step =               0.0015625
best_mc_result =          0.0203211
best_mc_result_non_secondary =          0.0203295
evolved_target_dot_squared =  0.979679
distance =          0.93921
j_protocol =  [[0, 1, 1, 1, 1, 1, 1, 1, 1, 1, 1, 1, 1, 1, 1, 1, 1, 1, 1, 1, 1, 1, 1, 1, 1, 1, 1, 1, 1, 1, 1, 1, ],]
k_protocol =  [[1, 1, 1, 1, 1, 1, 1, 1, 1, 1, 0, 1, 0, 0, 0, 0, 0, 0, 0, 0, 0, 0, 0, 0, 0, 0, 0, 0, 0, 0, 0, 0, ],]
j_protocol_secondary =  [0.000566228, 0.000566228, 0.000983571, 0.0207525, 0.0207525, 0.0268064, 0.0268064, 0.0309745, 0.0309745, 0.0439621, 0.0439621, 0.05, ]
k_protocol_secondary =  [0, 0.00276717, 0.00276717, 0.015625, 0.015625, 0.0171908, 0.01875, 0.01875, 0.0207689, 0.0207689, 0.041729, 0.041729, ]
best_evolved_state = [0.339711, 0.0497434, 0.503741, 0.102416, 0.339711, 0.0497434, 0.339711, 0.0497434, 0.503741, 0.102416, 0.339711, 0.0497434, ]
best_mc_result_fixed_tau =   [0.0203295, ]
evolved_state_fixed_tau =   [[0.339802, 0.0491622, 0.503894, 0.10162, 0.339802, 0.0491622, 0.339802, 0.0491622, 0.503894, 0.10162, 0.339802, 0.0491622, ],]
##############################################################################
clock_duration  =         6.24584
tau =                     0.055625
total_steps =             32
time_step =               0.004375
best_mc_result =          0.0200156
best_mc_result_non_secondary =          0
evolved_target_dot_squared =  0.979984
distance =          0.925089
j_protocol =  [[0, 0, 0, 0, 0, 0, 0, 0, 0, 0, 0, 0, 0, 0, 0, 0, 0, 0, 0, 0, 0, 0, 0, 0, 0, 0, 0, 0, 0, 0, 0, 0, ],]
k_protocol =  [[0, 0, 0, 0, 0, 0, 0, 0, 0, 0, 0, 0, 0, 0, 0, 0, 0, 0, 0, 0, 0, 0, 0, 0, 0, 0, 0, 0, 0, 0, 0, 0, ],]
j_protocol_secondary =  [0.00108618, 0.00173828, 0.00173828, 0.0193512, 0.0193512, 0.0260695, 0.0260695, 0.0349835, 0.0349835, 0.0381236, 0.0381236, 0.055625, ]
k_protocol_secondary =  [0, 0.0172077, 0.0172077, 0.0191097, 0.0215283, 0.0215283, 0.030634, 0.030634, 0.0307839, 0.0307839, 0.0502817, 0.0502817, ]
best_evolved_state = [0.33824, 0.0552665, 0.502128, 0.113783, 0.33824, 0.0552665, 0.33824, 0.0552665, 0.502128, 0.113783, 0.33824, 0.0552665, ]
best_mc_result_fixed_tau =   [0.0125857, ]
evolved_state_fixed_tau =   [[0.298686, 0.132013, 0.45945, 0.274999, 0.298686, 0.132013, 0.298686, 0.132013, 0.45945, 0.274999, 0.298686, 0.132013, ],]
