START_PARAMETERS
MAX_STEPS_MCDB =               32
MIN_STEPS_MCDB =               4
STEPS_CRUNCH_MCDB =            1
SWEEPS_MCDB =                  100
TOTAL_STEP_CHANGES =                  6
MCBB_SECONDARY =                  1
SWEEPS_MCBB_SECONDARY =                  50
NUMBER_OF_BANGS =                  6
GROUND_E =                -2.62493
INITIAL_E =               -2.51896
j_initial =               0.824
k_initial =               0.5
b_initial =               0
j_target =                0.835
k_target =                0.125
b_target =                0
init_target_dot_squared = 0.97769
init_state = [0.275158, 0, 0.590404, 0, 0.275158, 0, 0.275158, 0, 0.590404, 0, 0.275158, 0, ]
target_state = [0.334427, 0, 0.525658, 0, 0.334427, 0, 0.334427, 0, 0.525658, 0, 0.334427, 0, ]
USE_ENERGY_DISTANCE =     false
PERIODIC =                false
UNIFORM_SITES =           true
DEVICE_DIMENSION =        2
MAX_PARAM =               1
MIN_PARAM =               0
MIN_PARAM =               0
DIAG =                    true
NUM_SEEDS =               1
NUMBER_OF_BANGS =               6
DISTANCE_LIMIT =          0.02
TAU_INIT =                0.05
MAX_TAU =                 5
TAU_SCALAR =              1.2
TAU_SCALAR_TINY =         1.1
TAU_SCALAR_BIG =          1.4
ACCEPTANCE_PROB =         0.85
TEMP_EXP_DECAY =          0.8
MIN_TEMP_FRACTION =       0.01
TEMP_DECAY_ITERATIONS =   21
ZERO_TEMP_ITREATIONS =    15
RANDOM_STATES =           3
END_PARAMETERS
##############################################################################
clock_duration  =         1.41685
tau =                     0.05
total_steps =             32
time_step =               0.0015625
best_mc_result =          0.020845
best_mc_result_non_secondary =          0.0208455
evolved_target_dot_squared =  0.979155
distance =          0.934344
j_protocol =  [[1, 1, 1, 1, 1, 1, 1, 1, 1, 1, 1, 1, 1, 1, 1, 1, 1, 1, 1, 1, 1, 1, 1, 1, 1, 1, 1, 1, 1, 1, 0, 0, ],]
k_protocol =  [[0, 0, 0, 0, 0, 0, 0, 0, 0, 0, 0, 0, 0, 0, 0, 0, 0, 0, 0, 1, 1, 1, 1, 1, 1, 1, 1, 1, 1, 1, 1, 1, ],]
j_protocol_secondary =  [0, 0.00106421, 0.00106421, 0.0152924, 0.0152924, 0.0374633, 0.0374633, 0.043073, 0.043073, 0.0464568, 0.0464568, 0.0473196, ]
k_protocol_secondary =  [0.00315319, 0.00315319, 0.00847788, 0.00847788, 0.025758, 0.025758, 0.0295102, 0.0336822, 0.0336822, 0.045458, 0.045458, 0.05, ]
best_evolved_state = [0.271953, 0.0556416, 0.579595, 0.0998005, 0.271953, 0.0556416, 0.271953, 0.0556416, 0.579595, 0.0998005, 0.271953, 0.0556416, ]
best_mc_result_fixed_tau =   [0.0208455, ]
evolved_state_fixed_tau =   [[0.27205, 0.0551265, 0.579756, 0.0989045, 0.27205, 0.0551265, 0.27205, 0.0551265, 0.579756, 0.0989045, 0.27205, 0.0551265, ],]
##############################################################################
clock_duration  =         4.50639
tau =                     0.06125
total_steps =             32
time_step =               0.004375
best_mc_result =          0.0201328
best_mc_result_non_secondary =          0
evolved_target_dot_squared =  0.979867
distance =          0.902423
j_protocol =  [[0, 0, 0, 0, 0, 0, 0, 0, 0, 0, 0, 0, 0, 0, 0, 0, 0, 0, 0, 0, 0, 0, 0, 0, 0, 0, 0, 0, 0, 0, 0, 0, ],]
k_protocol =  [[0, 0, 0, 0, 0, 0, 0, 0, 0, 0, 0, 0, 0, 0, 0, 0, 0, 0, 0, 0, 0, 0, 0, 0, 0, 0, 0, 0, 0, 0, 0, 0, ],]
j_protocol_secondary =  [0, 0.00855079, 0.00855079, 0.0233676, 0.0233676, 0.0378393, 0.0378393, 0.0411624, 0.0411624, 0.0579736, 0.0597996, 0.0597996, ]
k_protocol_secondary =  [0.00888652, 0.00888652, 0.0307824, 0.0307824, 0.0361562, 0.0375417, 0.0375417, 0.0445513, 0.0445513, 0.0573656, 0.0573656, 0.06125, ]
best_evolved_state = [0.270355, 0.0680261, 0.57421, 0.121839, 0.270355, 0.0680261, 0.270355, 0.0680261, 0.57421, 0.121839, 0.270355, 0.0680261, ]
best_mc_result_fixed_tau =   [0.0123016, ]
evolved_state_fixed_tau =   [[0.251247, 0.150116, 0.508638, 0.264515, 0.251247, 0.150116, 0.251247, 0.150116, 0.508638, 0.264515, 0.251247, 0.150116, ],]
