START_PARAMETERS
MAX_STEPS_MCDB =               64
MIN_STEPS_MCDB =               4
STEPS_CRUNCH_MCDB =            1
SWEEPS_MCDB =                  100
TOTAL_STEP_CHANGES =                  7
MCBB_SECONDARY =                  1
SWEEPS_MCBB_SECONDARY =                  150
NUMBER_OF_BANGS =                  5
GROUND_E =                -2.08628
INITIAL_E =               -2.05031
j_initial =               0.274
k_initial =               0.5
b_initial =               0
j_target =                0.15
k_target =                0.5
b_target =                0
init_target_dot_squared = 0.983444
init_state = [-0.161857, 0, -0.669033, 0, -0.161857, 0, -0.161857, 0, -0.669033, 0, -0.161857, 0, ]
target_state = [-0.0996402, 0, -0.692924, 0, -0.0996402, 0, -0.0996402, 0, -0.692924, 0, -0.0996402, 0, ]
USE_ENERGY_DISTANCE =     false
PERIODIC =                false
UNIFORM_SITES =           true
DEVICE_DIMENSION =        2
MAX_PARAM =               1
MIN_PARAM =               0
MIN_PARAM =               0
DIAG =                    true
NUM_SEEDS =               1
DISTANCE_LIMIT =          0.01
TAU_INIT =                0.05
MAX_TAU =                 3
TAU_SCALAR =              1.15
TAU_SCALAR_TINY =         1.05
TAU_SCALAR_BIG =          1.3
ACCEPTANCE_PROB =         0.55
TEMP_EXP_DECAY =          0.8
MIN_TEMP_FRACTION =       0.01
TEMP_DECAY_ITERATIONS =   21
ZERO_TEMP_ITREATIONS =    15
RANDOM_STATES =           3
INIT_OVERLAP_LIMIT =      0.99999
END_PARAMETERS
##############################################################################
clock_duration  =         1.34204
tau =                     0.05
total_steps =             16
time_step =               0.003125
best_mc_result =          0.0154235
evolved_target_dot_squared =  0.984577
best_evolved_state = [-0.157246, -0.0274951, -0.656628, -0.133699, -0.157246, -0.0274951, -0.157246, -0.0274951, -0.656628, -0.133699, -0.157246, -0.0274951, ]
distance =          0.931591
j_protocol =  [[0, 0, 0, 0, 0, 0, 0, 0, 0, 1, 1, 1, 1, 1, 1, 1, ],]
k_protocol =  [[1, 1, 1, 1, 1, 1, 1, 1, 1, 1, 1, 1, 1, 1, 1, 0, ],]
j_protocol_secondary =  [0.00814549, 0.00814549, 0.0141309, 0.0141309, 0.0291766, 0.0473601, 0.0473601, 0.0499871, 0.0499871, 0.05, ]
k_protocol_secondary =  [0, 0.0115828, 0.0115828, 0.0242487, 0.0242487, 0.0372153, 0.0372153, 0.0452418, 0.0478738, 0.0478738, ]
best_mc_result_fixed_tau =   [0.0154325, ]
evolved_state_fixed_tau =   [[-0.157022, -0.0288824, -0.655589, -0.138648, -0.157022, -0.0288824, -0.157022, -0.0288824, -0.655589, -0.138648, -0.157022, -0.0288824, ],]
##############################################################################
clock_duration  =         2.6761
tau =                     0.13
total_steps =             16
time_step =               0.008125
best_mc_result =          0.00974916
evolved_target_dot_squared =  0.990251
best_evolved_state = [-0.131887, -0.0650015, -0.586913, -0.335104, -0.131887, -0.0650015, -0.131887, -0.0650015, -0.586913, -0.335104, -0.131887, -0.0650015, ]
distance =          0.588858
j_protocol =  [[0, 0, 0, 0, 0, 0, 0, 0, 0, 0, 1, 1, 1, 1, 1, 1, ],]
k_protocol =  [[1, 1, 1, 1, 1, 1, 1, 1, 1, 1, 1, 1, 1, 1, 0, 0, ],]
j_protocol_secondary =  [0.0211783, 0.0211783, 0.0367403, 0.0367403, 0.0767074, 0.123136, 0.123136, 0.129966, 0.129966, 0.13, ]
k_protocol_secondary =  [0, 0.0301154, 0.0301154, 0.0630466, 0.0630466, 0.0967597, 0.0967597, 0.117867, 0.124472, 0.124472, ]
best_mc_result_fixed_tau =   [0.00985334, ]
evolved_state_fixed_tau =   [[-0.134327, -0.0594609, -0.593778, -0.322907, -0.134327, -0.0594609, -0.134327, -0.0594609, -0.593778, -0.322907, -0.134327, -0.0594609, ],]
