START_PARAMETERS
MAX_STEPS_MCDB =               32
MIN_STEPS_MCDB =               4
STEPS_CRUNCH_MCDB =            1
SWEEPS_MCDB =                  100
TOTAL_STEP_CHANGES =                  6
MCBB_SECONDARY =                  1
SWEEPS_MCBB_SECONDARY =                  50
NUMBER_OF_BANGS =                  6
GROUND_E =                -2.26515
INITIAL_E =               -2.21157
j_initial =               0.136
k_initial =               0.5
b_initial =               0
j_target =                0.274
k_target =                0.5
b_target =                0
init_target_dot_squared = 0.978823
init_state = [-0.0912895, 0, -0.695221, 0, -0.0912895, 0, -0.0912895, 0, -0.695221, 0, -0.0912895, 0, ]
target_state = [-0.161857, 0, -0.669033, 0, -0.161857, 0, -0.161857, 0, -0.669033, 0, -0.161857, 0, ]
USE_ENERGY_DISTANCE =     false
PERIODIC =                false
UNIFORM_SITES =           true
DEVICE_DIMENSION =        2
MAX_PARAM =               1
MIN_PARAM =               0
MIN_PARAM =               0
DIAG =                    true
NUM_SEEDS =               1
NUMBER_OF_BANGS =               6
DISTANCE_LIMIT =          0.02
TAU_INIT =                0.05
MAX_TAU =                 5
TAU_SCALAR =              1.2
TAU_SCALAR_TINY =         1.1
TAU_SCALAR_BIG =          1.4
ACCEPTANCE_PROB =         0.85
TEMP_EXP_DECAY =          0.8
MIN_TEMP_FRACTION =       0.01
TEMP_DECAY_ITERATIONS =   21
ZERO_TEMP_ITREATIONS =    15
RANDOM_STATES =           3
END_PARAMETERS
##############################################################################
clock_duration  =         3.11424
tau =                     0.04375
total_steps =             32
time_step =               0.0015625
best_mc_result =          0.0201839
best_mc_result_non_secondary =          0
evolved_target_dot_squared =  0.979816
distance =          0.953096
j_protocol =  [[0, 0, 0, 0, 0, 0, 0, 0, 0, 0, 0, 0, 0, 0, 0, 0, 0, 0, 0, 0, 0, 0, 0, 0, 0, 0, 0, 0, 0, 0, 0, 0, ],]
k_protocol =  [[0, 0, 0, 0, 0, 0, 0, 0, 0, 0, 0, 0, 0, 0, 0, 0, 0, 0, 0, 0, 0, 0, 0, 0, 0, 0, 0, 0, 0, 0, 0, 0, ],]
j_protocol_secondary =  [0, 0.0179352, 0.0181866, 0.0181866, 0.0199166, 0.0199166, 0.0218453, 0.0218453, 0.0219979, 0.0219979, 0.039707, 0.039707, ]
k_protocol_secondary =  [0.0038306, 0.00526421, 0.00526421, 0.00750327, 0.00750327, 0.0200548, 0.0200548, 0.0233469, 0.0233469, 0.0436452, 0.0436452, 0.04375, ]
best_evolved_state = [-0.0906193, -0.0249143, -0.684594, -0.1169, -0.0906193, -0.0249143, -0.0906193, -0.0249143, -0.684594, -0.1169, -0.0906193, -0.0249143, ]
best_mc_result_fixed_tau =   [0.01989, ]
evolved_state_fixed_tau =   [[-0.0903183, -0.0282052, -0.680735, -0.136725, -0.0903183, -0.0282052, -0.0903183, -0.0282052, -0.680735, -0.136725, -0.0903183, -0.0282052, ],]
