START_PARAMETERS
MAX_STEPS_MCDB =               64
MIN_STEPS_MCDB =               4
STEPS_CRUNCH_MCDB =            1
SWEEPS_MCDB =                  100
TOTAL_STEP_CHANGES =                  7
MCBB_SECONDARY =                  1
SWEEPS_MCBB_SECONDARY =                  150
NUMBER_OF_BANGS =                  5
GROUND_E =                -2.87258
INITIAL_E =               -2.81366
j_initial =               0.556
k_initial =               0.25
b_initial =               0
j_target =                0.923
k_target =                0.125
b_target =                0
init_target_dot_squared = 0.988768
init_state = [0.29517, 0, 0.570745, 0, 0.29517, 0, 0.29517, 0, 0.570745, 0, 0.29517, 0, ]
target_state = [0.33628, 0, 0.523289, 0, 0.33628, 0, 0.33628, 0, 0.523289, 0, 0.33628, 0, ]
USE_ENERGY_DISTANCE =     false
PERIODIC =                false
UNIFORM_SITES =           true
DEVICE_DIMENSION =        2
MAX_PARAM =               1
MIN_PARAM =               0
MIN_PARAM =               0
DIAG =                    true
NUM_SEEDS =               1
DISTANCE_LIMIT =          0.01
TAU_INIT =                0.05
MAX_TAU =                 3
TAU_SCALAR =              1.15
TAU_SCALAR_TINY =         1.05
TAU_SCALAR_BIG =          1.3
ACCEPTANCE_PROB =         0.55
TEMP_EXP_DECAY =          0.8
MIN_TEMP_FRACTION =       0.01
TEMP_DECAY_ITERATIONS =   21
ZERO_TEMP_ITREATIONS =    15
RANDOM_STATES =           3
INIT_OVERLAP_LIMIT =      0.99999
END_PARAMETERS
##############################################################################
clock_duration  =         1.24885
tau =                     0.05
total_steps =             16
time_step =               0.003125
best_mc_result =          0.010365
evolved_target_dot_squared =  0.989635
best_evolved_state = [0.291961, 0.0545557, 0.560937, 0.0944165, 0.291961, 0.0545557, 0.291961, 0.0545557, 0.560937, 0.0944165, 0.291961, 0.0545557, ]
distance =          0.922767
j_protocol =  [[1, 1, 1, 1, 1, 1, 1, 1, 1, 1, 1, 1, 1, 1, 1, 0, ],]
k_protocol =  [[0, 0, 0, 0, 0, 0, 0, 0, 0, 0, 0, 1, 1, 1, 1, 1, ],]
j_protocol_secondary =  [0, 0.00814549, 0.00814549, 0.0141309, 0.0141309, 0.0473601, 0.0473601, 0.0479836, 0.0499871, 0.0499871, ]
k_protocol_secondary =  [0.0115828, 0.0115828, 0.0242487, 0.0242487, 0.0332037, 0.0372153, 0.0372153, 0.0478738, 0.0478738, 0.05, ]
best_mc_result_fixed_tau =   [0.0103725, ]
evolved_state_fixed_tau =   [[0.292225, 0.0533164, 0.561548, 0.0904817, 0.292225, 0.0533164, 0.292225, 0.0533164, 0.561548, 0.0904817, 0.292225, 0.0533164, ],]
##############################################################################
clock_duration  =         2.49899
tau =                     0.13
total_steps =             16
time_step =               0.008125
best_mc_result =          0.00611378
evolved_target_dot_squared =  0.993886
best_evolved_state = [0.273873, 0.138796, 0.506109, 0.235186, 0.273873, 0.138796, 0.273873, 0.138796, 0.506109, 0.235186, 0.273873, 0.138796, ]
distance =          0.544294
j_protocol =  [[1, 1, 1, 1, 1, 1, 1, 1, 1, 1, 1, 1, 1, 1, 1, 1, ],]
k_protocol =  [[0, 0, 0, 0, 0, 0, 0, 0, 0, 0, 1, 1, 1, 1, 1, 1, ],]
j_protocol_secondary =  [0, 0.0211783, 0.0211783, 0.0367403, 0.0367403, 0.123136, 0.123136, 0.124887, 0.129966, 0.129966, ]
k_protocol_secondary =  [0.0301154, 0.0301154, 0.0630466, 0.0630466, 0.0871961, 0.0999191, 0.0999191, 0.124472, 0.124472, 0.13, ]
best_mc_result_fixed_tau =   [0.00627648, ]
evolved_state_fixed_tau =   [[0.270314, 0.143658, 0.498488, 0.25317, 0.270314, 0.143658, 0.270314, 0.143658, 0.498488, 0.25317, 0.270314, 0.143658, ],]
