START_PARAMETERS
MAX_STEPS_MCDB =               64
MIN_STEPS_MCDB =               4
STEPS_CRUNCH_MCDB =            1
SWEEPS_MCDB =                  100
TOTAL_STEP_CHANGES =                  7
MCBB_SECONDARY =                  1
SWEEPS_MCBB_SECONDARY =                  150
NUMBER_OF_BANGS =                  5
GROUND_E =                -2.00807
INITIAL_E =               -1.9863
j_initial =               0.123
k_initial =               0.5
b_initial =               0
j_target =                0.045
k_target =                0.5
b_target =                0
init_target_dot_squared = 0.989202
init_state = [-0.0833096, 0, -0.697222, 0, -0.0833096, 0, -0.0833096, 0, -0.697222, 0, -0.0833096, 0, ]
target_state = [-0.0316285, 0, -0.705691, 0, -0.0316285, 0, -0.0316285, 0, -0.705691, 0, -0.0316285, 0, ]
USE_ENERGY_DISTANCE =     false
PERIODIC =                false
UNIFORM_SITES =           true
DEVICE_DIMENSION =        2
MAX_PARAM =               1
MIN_PARAM =               0
MIN_PARAM =               0
DIAG =                    true
NUM_SEEDS =               1
DISTANCE_LIMIT =          0.01
TAU_INIT =                0.05
MAX_TAU =                 3
TAU_SCALAR =              1.15
TAU_SCALAR_TINY =         1.05
TAU_SCALAR_BIG =          1.3
ACCEPTANCE_PROB =         0.55
TEMP_EXP_DECAY =          0.8
MIN_TEMP_FRACTION =       0.01
TEMP_DECAY_ITERATIONS =   21
ZERO_TEMP_ITREATIONS =    15
RANDOM_STATES =           3
INIT_OVERLAP_LIMIT =      0.99999
END_PARAMETERS
##############################################################################
clock_duration  =         1.2461
tau =                     0.05
total_steps =             16
time_step =               0.003125
best_mc_result =          0.0102394
evolved_target_dot_squared =  0.989761
best_evolved_state = [-0.0806554, -0.0144853, -0.683441, -0.139564, -0.0806554, -0.0144853, -0.0806554, -0.0144853, -0.683441, -0.139564, -0.0806554, -0.0144853, ]
distance =          0.948285
j_protocol =  [[0, 0, 0, 0, 0, 0, 0, 0, 0, 0, 0, 0, 0, 1, 1, 1, ],]
k_protocol =  [[1, 1, 1, 1, 1, 1, 1, 1, 1, 1, 1, 1, 1, 1, 1, 1, ],]
j_protocol_secondary =  [0.00814549, 0.00814549, 0.0141309, 0.0141309, 0.0394413, 0.0473601, 0.0473601, 0.0499871, 0.0499871, 0.05, ]
k_protocol_secondary =  [0, 0.0115828, 0.0115828, 0.0242487, 0.0242487, 0.0372153, 0.0372153, 0.0491172, 0.05, 0.05, ]
best_mc_result_fixed_tau =   [0.0102533, ]
evolved_state_fixed_tau =   [[-0.0809242, -0.0128561, -0.683025, -0.141594, -0.0809242, -0.0128561, -0.0809242, -0.0128561, -0.683025, -0.141594, -0.0809242, -0.0128561, ],]
##############################################################################
clock_duration  =         2.58186
tau =                     0.13
total_steps =             16
time_step =               0.008125
best_mc_result =          0.00735079
evolved_target_dot_squared =  0.992649
best_evolved_state = [-0.0663396, -0.0332473, -0.605984, -0.348957, -0.0663396, -0.0332473, -0.0663396, -0.0332473, -0.605984, -0.348957, -0.0663396, -0.0332473, ]
distance =          0.680765
j_protocol =  [[0, 0, 0, 0, 0, 0, 0, 0, 0, 0, 0, 0, 1, 1, 1, 1, ],]
k_protocol =  [[1, 1, 1, 1, 1, 1, 1, 1, 1, 1, 1, 1, 1, 1, 1, 1, ],]
j_protocol_secondary =  [0.0211783, 0.0211783, 0.0367403, 0.0367403, 0.103265, 0.123136, 0.123136, 0.125661, 0.125661, 0.13, ]
k_protocol_secondary =  [0, 0.0301154, 0.0301154, 0.0630466, 0.0630466, 0.0967597, 0.0967597, 0.12603, 0.12603, 0.127753, ]
best_mc_result_fixed_tau =   [0.00761839, ]
evolved_state_fixed_tau =   [[-0.0630842, -0.0406075, -0.601747, -0.35587, -0.0630842, -0.0406075, -0.0630842, -0.0406075, -0.601747, -0.35587, -0.0630842, -0.0406075, ],]
