START_PARAMETERS
MAX_STEPS_MCDB =               32
MIN_STEPS_MCDB =               4
STEPS_CRUNCH_MCDB =            1
SWEEPS_MCDB =                  100
TOTAL_STEP_CHANGES =                  6
MCBB_SECONDARY =                  1
SWEEPS_MCBB_SECONDARY =                  50
NUMBER_OF_BANGS =                  6
GROUND_E =                -2.10474
INITIAL_E =               -2.04883
j_initial =               0.335
k_initial =               0.5
b_initial =               0
j_target =                0.166
k_target =                0.5
b_target =                0
init_target_dot_squared = 0.974697
init_state = [-0.185102, 0, -0.656867, 0, -0.185102, 0, -0.185102, 0, -0.656867, 0, -0.185102, 0, ]
target_state = [-0.108863, 0, -0.690143, 0, -0.108863, 0, -0.108863, 0, -0.690143, 0, -0.108863, 0, ]
USE_ENERGY_DISTANCE =     false
PERIODIC =                false
UNIFORM_SITES =           true
DEVICE_DIMENSION =        2
MAX_PARAM =               1
MIN_PARAM =               0
MIN_PARAM =               0
DIAG =                    true
NUM_SEEDS =               1
NUMBER_OF_BANGS =               6
DISTANCE_LIMIT =          0.02
TAU_INIT =                0.05
MAX_TAU =                 5
TAU_SCALAR =              1.2
TAU_SCALAR_TINY =         1.1
TAU_SCALAR_BIG =          1.4
ACCEPTANCE_PROB =         0.85
TEMP_EXP_DECAY =          0.8
MIN_TEMP_FRACTION =       0.01
TEMP_DECAY_ITERATIONS =   21
ZERO_TEMP_ITREATIONS =    15
RANDOM_STATES =           3
END_PARAMETERS
##############################################################################
clock_duration  =         1.40088
tau =                     0.05
total_steps =             32
time_step =               0.0015625
best_mc_result =          0.0237574
best_mc_result_non_secondary =          0.0237746
evolved_target_dot_squared =  0.976243
distance =          0.938936
j_protocol =  [[0, 0, 0, 0, 0, 0, 0, 0, 0, 0, 0, 0, 0, 0, 0, 1, 0, 0, 1, 1, 1, 1, 1, 1, 1, 1, 1, 1, 1, 1, 1, 1, ],]
k_protocol =  [[1, 1, 1, 1, 1, 1, 1, 1, 1, 1, 1, 1, 1, 1, 1, 1, 1, 1, 1, 1, 1, 1, 1, 1, 1, 1, 1, 1, 0, 0, 0, 0, ],]
j_protocol_secondary =  [0.00304894, 0.00304894, 0.003186, 0.003186, 0.00694633, 0.00694633, 0.0234375, 0.0234375, 0.0234375, 0.0234375, 0.026479, 0.05, ]
k_protocol_secondary =  [0, 0.0148751, 0.0148751, 0.014889, 0.014889, 0.0167615, 0.0167615, 0.0308094, 0.0308094, 0.0350911, 0.0350911, 0.0441337, ]
best_evolved_state = [-0.180079, -0.0305115, -0.644761, -0.132533, -0.180079, -0.0305115, -0.180079, -0.0305115, -0.644761, -0.132533, -0.180079, -0.0305115, ]
best_mc_result_fixed_tau =   [0.0237746, ]
evolved_state_fixed_tau =   [[-0.180131, -0.0304072, -0.644956, -0.131483, -0.180131, -0.0304072, -0.180131, -0.0304072, -0.644956, -0.131483, -0.180131, -0.0304072, ],]
##############################################################################
clock_duration  =         3.38208
tau =                     0.095
total_steps =             32
time_step =               0.004375
best_mc_result =          0.0199805
best_mc_result_non_secondary =          0
evolved_target_dot_squared =  0.98002
distance =          0.789663
j_protocol =  [[0, 0, 0, 0, 0, 0, 0, 0, 0, 0, 0, 0, 0, 0, 0, 0, 0, 0, 0, 0, 0, 0, 0, 0, 0, 0, 0, 0, 0, 0, 0, 0, ],]
k_protocol =  [[0, 0, 0, 0, 0, 0, 0, 0, 0, 0, 0, 0, 0, 0, 0, 0, 0, 0, 0, 0, 0, 0, 0, 0, 0, 0, 0, 0, 0, 0, 0, 0, ],]
j_protocol_secondary =  [0.0323538, 0.0323538, 0.0375162, 0.0375162, 0.0505913, 0.0611237, 0.0611237, 0.0860517, 0.0860517, 0.0885993, 0.0885993, 0.095, ]
k_protocol_secondary =  [0, 0.00749318, 0.00749318, 0.022426, 0.022426, 0.0540136, 0.0540136, 0.081101, 0.081101, 0.083968, 0.086727, 0.086727, ]
best_evolved_state = [-0.167263, -0.0557015, -0.61356, -0.247761, -0.167263, -0.0557015, -0.167263, -0.0557015, -0.61356, -0.247761, -0.167263, -0.0557015, ]
best_mc_result_fixed_tau =   [0.014634, ]
evolved_state_fixed_tau =   [[-0.147094, -0.0778989, -0.565882, -0.352659, -0.147094, -0.0778989, -0.147094, -0.0778989, -0.565882, -0.352659, -0.147094, -0.0778989, ],]
