START_PARAMETERS
MAX_STEPS_MCDB =               64
MIN_STEPS_MCDB =               4
STEPS_CRUNCH_MCDB =            1
SWEEPS_MCDB =                  100
TOTAL_STEP_CHANGES =                  7
MCBB_SECONDARY =                  1
SWEEPS_MCBB_SECONDARY =                  150
NUMBER_OF_BANGS =                  5
GROUND_E =                -2.15018
INITIAL_E =               -2.10662
j_initial =               0.564
k_initial =               0.062
b_initial =               0
j_target =                0.556
k_target =                0.25
b_target =                0
init_target_dot_squared = 0.986803
init_state = [0.339577, 0, 0.519013, 0, 0.339577, 0, 0.339577, 0, 0.519013, 0, 0.339577, 0, ]
target_state = [0.29517, 0, 0.570745, 0, 0.29517, 0, 0.29517, 0, 0.570745, 0, 0.29517, 0, ]
USE_ENERGY_DISTANCE =     false
PERIODIC =                false
UNIFORM_SITES =           true
DEVICE_DIMENSION =        2
MAX_PARAM =               1
MIN_PARAM =               0
MIN_PARAM =               0
DIAG =                    true
NUM_SEEDS =               1
DISTANCE_LIMIT =          0.01
TAU_INIT =                0.05
MAX_TAU =                 3
TAU_SCALAR =              1.15
TAU_SCALAR_TINY =         1.05
TAU_SCALAR_BIG =          1.3
ACCEPTANCE_PROB =         0.55
TEMP_EXP_DECAY =          0.8
MIN_TEMP_FRACTION =       0.01
TEMP_DECAY_ITERATIONS =   21
ZERO_TEMP_ITREATIONS =    15
RANDOM_STATES =           3
INIT_OVERLAP_LIMIT =      0.99999
END_PARAMETERS
##############################################################################
clock_duration  =         2.21648
tau =                     0.05
total_steps =             16
time_step =               0.003125
best_mc_result =          0.0122487
evolved_target_dot_squared =  0.987751
best_evolved_state = [0.33355, 0.0499063, 0.512429, 0.0996221, 0.33355, 0.0499063, 0.33355, 0.0499063, 0.512429, 0.0996221, 0.33355, 0.0499063, ]
distance =          0.928171
j_protocol =  [[0, 1, 1, 1, 1, 1, 1, 1, 1, 1, 1, 1, 1, 1, 1, 1, ],]
k_protocol =  [[1, 1, 1, 1, 1, 0, 0, 0, 0, 0, 0, 0, 0, 0, 0, 0, ],]
j_protocol_secondary =  [0.00164108, 0.00814549, 0.00814549, 0.0141309, 0.0141309, 0.0473601, 0.0473601, 0.0499871, 0.0499871, 0.05, ]
k_protocol_secondary =  [0, 0.0115828, 0.0115828, 0.0165834, 0.0242487, 0.0242487, 0.0372153, 0.0372153, 0.0478738, 0.0478738, ]
best_mc_result_fixed_tau =   [0.0122552, ]
evolved_state_fixed_tau =   [[0.33389, 0.0484024, 0.513029, 0.0956599, 0.33389, 0.0484024, 0.33389, 0.0484024, 0.513029, 0.0956599, 0.33389, 0.0484024, ],]
##############################################################################
clock_duration  =         4.23978
tau =                     0.13
total_steps =             16
time_step =               0.008125
best_mc_result =          0.00755246
evolved_target_dot_squared =  0.992448
best_evolved_state = [0.299773, 0.125546, 0.475786, 0.249755, 0.299773, 0.125546, 0.299773, 0.125546, 0.475786, 0.249755, 0.299773, 0.125546, ]
distance =          0.572305
j_protocol =  [[0, 1, 1, 1, 1, 1, 1, 1, 1, 1, 1, 1, 1, 1, 1, 1, ],]
k_protocol =  [[1, 1, 1, 1, 1, 0, 0, 0, 0, 0, 0, 0, 0, 0, 0, 0, ],]
j_protocol_secondary =  [0.00425902, 0.0211783, 0.0211783, 0.0367403, 0.0367403, 0.123136, 0.123136, 0.129966, 0.129966, 0.13, ]
k_protocol_secondary =  [0, 0.0301154, 0.0301154, 0.0421061, 0.0630466, 0.0630466, 0.0967597, 0.0967597, 0.124472, 0.124472, ]
best_mc_result_fixed_tau =   [0.00757522, ]
evolved_state_fixed_tau =   [[0.301648, 0.122069, 0.479193, 0.242054, 0.301648, 0.122069, 0.301648, 0.122069, 0.479193, 0.242054, 0.301648, 0.122069, ],]
