START_PARAMETERS
MAX_STEPS_MCDB =               64
MIN_STEPS_MCDB =               4
STEPS_CRUNCH_MCDB =            1
SWEEPS_MCDB =                  100
TOTAL_STEP_CHANGES =                  7
MCBB_SECONDARY =                  1
SWEEPS_MCBB_SECONDARY =                  150
NUMBER_OF_BANGS =                  5
GROUND_E =                -2.05879
INITIAL_E =               -2.03592
j_initial =               0.045
k_initial =               0.5
b_initial =               0
j_target =                0.123
k_target =                0.5
b_target =                0
init_target_dot_squared = 0.989202
init_state = [-0.0316285, 0, -0.705691, 0, -0.0316285, 0, -0.0316285, 0, -0.705691, 0, -0.0316285, 0, ]
target_state = [-0.0833096, 0, -0.697222, 0, -0.0833096, 0, -0.0833096, 0, -0.697222, 0, -0.0833096, 0, ]
USE_ENERGY_DISTANCE =     false
PERIODIC =                false
UNIFORM_SITES =           true
DEVICE_DIMENSION =        2
MAX_PARAM =               1
MIN_PARAM =               0
MIN_PARAM =               0
DIAG =                    true
NUM_SEEDS =               1
DISTANCE_LIMIT =          0.01
TAU_INIT =                0.05
MAX_TAU =                 3
TAU_SCALAR =              1.15
TAU_SCALAR_TINY =         1.05
TAU_SCALAR_BIG =          1.3
ACCEPTANCE_PROB =         0.55
TEMP_EXP_DECAY =          0.8
MIN_TEMP_FRACTION =       0.01
TEMP_DECAY_ITERATIONS =   21
ZERO_TEMP_ITREATIONS =    15
RANDOM_STATES =           3
INIT_OVERLAP_LIMIT =      0.99999
END_PARAMETERS
##############################################################################
clock_duration  =         1.28486
tau =                     0.05
total_steps =             16
time_step =               0.003125
best_mc_result =          0.0102394
evolved_target_dot_squared =  0.989761
best_evolved_state = [-0.0313506, -0.0148494, -0.691555, -0.139088, -0.0313506, -0.0148494, -0.0313506, -0.0148494, -0.691555, -0.139088, -0.0313506, -0.0148494, ]
distance =          0.948285
j_protocol =  [[1, 1, 1, 0, 0, 0, 0, 0, 0, 0, 0, 0, 0, 0, 0, 0, ],]
k_protocol =  [[1, 1, 1, 1, 1, 1, 1, 1, 1, 1, 1, 1, 1, 1, 1, 1, ],]
j_protocol_secondary =  [0, 0.00807663, 0.00807663, 0.0105253, 0.0141309, 0.0141309, 0.0473601, 0.0473601, 0.0499871, 0.0499871, ]
k_protocol_secondary =  [0.000854454, 0.0115828, 0.0115828, 0.0242487, 0.0242487, 0.0372153, 0.0372153, 0.0478738, 0.0478738, 0.05, ]
best_mc_result_fixed_tau =   [0.0102533, ]
evolved_state_fixed_tau =   [[-0.0313693, -0.0132269, -0.691166, -0.141319, -0.0313693, -0.0132269, -0.0313693, -0.0132269, -0.691166, -0.141319, -0.0313693, -0.0132269, ],]
##############################################################################
clock_duration  =         2.59086
tau =                     0.13
total_steps =             16
time_step =               0.008125
best_mc_result =          0.0073508
evolved_target_dot_squared =  0.992649
best_evolved_state = [-0.0298216, -0.0377554, -0.612066, -0.347484, -0.0298216, -0.0377554, -0.0298216, -0.0377554, -0.612066, -0.347484, -0.0298216, -0.0377554, ]
distance =          0.680766
j_protocol =  [[1, 1, 1, 1, 0, 0, 0, 0, 0, 0, 0, 0, 0, 0, 0, 0, ],]
k_protocol =  [[1, 1, 1, 1, 1, 1, 1, 1, 1, 1, 1, 1, 1, 1, 1, 1, ],]
j_protocol_secondary =  [0, 0.0211783, 0.0211783, 0.0268187, 0.0367403, 0.0367403, 0.123136, 0.123136, 0.129966, 0.129966, ]
k_protocol_secondary =  [0.00214046, 0.0301154, 0.0301154, 0.0630466, 0.0630466, 0.0967597, 0.0967597, 0.124472, 0.124472, 0.13, ]
best_mc_result_fixed_tau =   [0.00761839, ]
evolved_state_fixed_tau =   [[-0.028522, -0.0456706, -0.607963, -0.352963, -0.028522, -0.0456706, -0.028522, -0.0456706, -0.607963, -0.352963, -0.028522, -0.0456706, ],]
