START_PARAMETERS
MAX_STEPS_MCDB =               64
MIN_STEPS_MCDB =               4
STEPS_CRUNCH_MCDB =            1
SWEEPS_MCDB =                  100
TOTAL_STEP_CHANGES =                  7
MCBB_SECONDARY =                  1
SWEEPS_MCBB_SECONDARY =                  150
NUMBER_OF_BANGS =                  5
GROUND_E =                -2.50594
INITIAL_E =               -2.45721
j_initial =               0.679
k_initial =               0.25
b_initial =               0
j_target =                0.841
k_target =                0.062
b_target =                0
init_target_dot_squared = 0.989772
init_state = [0.305788, 0, 0.559453, 0, 0.305788, 0, 0.305788, 0, 0.559453, 0, 0.305788, 0, ]
target_state = [0.344228, 0, 0.51285, 0, 0.344228, 0, 0.344228, 0, 0.51285, 0, 0.344228, 0, ]
USE_ENERGY_DISTANCE =     false
PERIODIC =                false
UNIFORM_SITES =           true
DEVICE_DIMENSION =        2
MAX_PARAM =               1
MIN_PARAM =               0
MIN_PARAM =               0
DIAG =                    true
NUM_SEEDS =               1
DISTANCE_LIMIT =          0.01
TAU_INIT =                0.05
MAX_TAU =                 3
TAU_SCALAR =              1.15
TAU_SCALAR_TINY =         1.05
TAU_SCALAR_BIG =          1.3
ACCEPTANCE_PROB =         0.55
TEMP_EXP_DECAY =          0.8
MIN_TEMP_FRACTION =       0.01
TEMP_DECAY_ITERATIONS =   21
ZERO_TEMP_ITREATIONS =    15
RANDOM_STATES =           3
INIT_OVERLAP_LIMIT =      0.99999
END_PARAMETERS
##############################################################################
clock_duration  =         1.22068
tau =                     0.05
total_steps =             16
time_step =               0.003125
best_mc_result =          0.00949291
evolved_target_dot_squared =  0.990507
best_evolved_state = [0.302472, 0.0546395, 0.550256, 0.0909367, 0.302472, 0.0546395, 0.302472, 0.0546395, 0.550256, 0.0909367, 0.302472, 0.0546395, ]
distance =          0.928139
j_protocol =  [[1, 1, 1, 1, 1, 1, 1, 1, 1, 1, 1, 1, 1, 1, 1, 1, ],]
k_protocol =  [[0, 0, 0, 0, 0, 0, 0, 0, 0, 0, 0, 1, 1, 1, 1, 1, ],]
j_protocol_secondary =  [0, 0.00814549, 0.00814549, 0.0141309, 0.0141309, 0.0473601, 0.0473601, 0.0490261, 0.0499871, 0.0499871, ]
k_protocol_secondary =  [0.0115828, 0.0115828, 0.0242487, 0.0242487, 0.034375, 0.034375, 0.0359246, 0.0478738, 0.0478738, 0.05, ]
best_mc_result_fixed_tau =   [0.00950477, ]
evolved_state_fixed_tau =   [[0.302193, 0.0557005, 0.549568, 0.09554, 0.302193, 0.0557005, 0.302193, 0.0557005, 0.549568, 0.09554, 0.302193, 0.0557005, ],]
