START_PARAMETERS
MAX_STEPS_MCDB =               32
MIN_STEPS_MCDB =               4
STEPS_CRUNCH_MCDB =            1
SWEEPS_MCDB =                  100
TOTAL_STEP_CHANGES =                  6
MCBB_SECONDARY =                  1
SWEEPS_MCBB_SECONDARY =                  50
NUMBER_OF_BANGS =                  6
GROUND_E =                -2.50594
INITIAL_E =               -2.40926
j_initial =               0.503
k_initial =               0.25
b_initial =               0
j_target =                0.841
k_target =                0.062
b_target =                0
init_target_dot_squared = 0.979707
init_state = [0.289058, 0, 0.576967, 0, 0.289058, 0, 0.289058, 0, 0.576967, 0, 0.289058, 0, ]
target_state = [0.344228, 0, 0.51285, 0, 0.344228, 0, 0.344228, 0, 0.51285, 0, 0.344228, 0, ]
USE_ENERGY_DISTANCE =     false
PERIODIC =                false
UNIFORM_SITES =           true
DEVICE_DIMENSION =        2
MAX_PARAM =               1
MIN_PARAM =               0
MIN_PARAM =               0
DIAG =                    true
NUM_SEEDS =               1
NUMBER_OF_BANGS =               6
DISTANCE_LIMIT =          0.02
TAU_INIT =                0.05
MAX_TAU =                 5
TAU_SCALAR =              1.2
TAU_SCALAR_TINY =         1.1
TAU_SCALAR_BIG =          1.4
ACCEPTANCE_PROB =         0.85
TEMP_EXP_DECAY =          0.8
MIN_TEMP_FRACTION =       0.01
TEMP_DECAY_ITERATIONS =   21
ZERO_TEMP_ITREATIONS =    15
RANDOM_STATES =           3
END_PARAMETERS
##############################################################################
clock_duration  =         1.39345
tau =                     0.025
total_steps =             32
time_step =               0.0015625
best_mc_result =          0.0199714
best_mc_result_non_secondary =          0
evolved_target_dot_squared =  0.980029
distance =          0.984151
j_protocol =  [[0, 0, 0, 0, 0, 0, 0, 0, 0, 0, 0, 0, 0, 0, 0, 0, 0, 0, 0, 0, 0, 0, 0, 0, 0, 0, 0, 0, 0, 0, 0, 0, ],]
k_protocol =  [[0, 0, 0, 0, 0, 0, 0, 0, 0, 0, 0, 0, 0, 0, 0, 0, 0, 0, 0, 0, 0, 0, 0, 0, 0, 0, 0, 0, 0, 0, 0, 0, ],]
j_protocol_secondary =  [0, 0.00193507, 0.00193507, 0.00290077, 0.00290077, 0.00359547, 0.00359547, 0.0145113, 0.0145113, 0.0177382, 0.0177382, 0.0244033, ]
k_protocol_secondary =  [0.00522574, 0.00522574, 0.0057893, 0.0057893, 0.00703394, 0.00703394, 0.00870155, 0.00870155, 0.0163045, 0.0194678, 0.0194678, 0.025, ]
best_evolved_state = [0.288219, 0.02813, 0.574416, 0.0482077, 0.288219, 0.02813, 0.288219, 0.02813, 0.574416, 0.0482077, 0.288219, 0.02813, ]
best_mc_result_fixed_tau =   [0.0190247, ]
evolved_state_fixed_tau =   [[0.28579, 0.0556645, 0.566932, 0.0950742, 0.28579, 0.0556645, 0.28579, 0.0556645, 0.566932, 0.0950742, 0.28579, 0.0556645, ],]
