START_PARAMETERS
MAX_STEPS_MCDB =               32
MIN_STEPS_MCDB =               4
STEPS_CRUNCH_MCDB =            1
SWEEPS_MCDB =                  100
TOTAL_STEP_CHANGES =                  6
MCBB_SECONDARY =                  1
SWEEPS_MCBB_SECONDARY =                  50
NUMBER_OF_BANGS =                  6
GROUND_E =                -2.99419
INITIAL_E =               -2.91259
j_initial =               0.335
k_initial =               0.5
b_initial =               0
j_target =                0.61
k_target =                0.5
b_target =                0
init_target_dot_squared = 0.979541
init_state = [-0.185102, 0, -0.656867, 0, -0.185102, 0, -0.185102, 0, -0.656867, 0, -0.185102, 0, ]
target_state = [-0.249636, 0, -0.61267, 0, -0.249636, 0, -0.249636, 0, -0.61267, 0, -0.249636, 0, ]
USE_ENERGY_DISTANCE =     false
PERIODIC =                false
UNIFORM_SITES =           true
DEVICE_DIMENSION =        2
MAX_PARAM =               1
MIN_PARAM =               0
MIN_PARAM =               0
DIAG =                    true
NUM_SEEDS =               2
DISTANCE_LIMIT =          0.02
TAU_INIT =                0.05
MAX_TAU =                 5
TAU_SCALAR =              1.2
TAU_SCALAR_TINY =         1.1
TAU_SCALAR_BIG =          1.4
ACCEPTANCE_PROB =         0.85
TEMP_EXP_DECAY =          0.8
MIN_TEMP_FRACTION =       0.01
TEMP_DECAY_ITERATIONS =   21
ZERO_TEMP_ITREATIONS =    15
RANDOM_STATES =           3
END_PARAMETERS
##############################################################################
clock_duration  =         3.38001
tau =                     0.025
total_steps =             32
time_step =               0.0015625
best_mc_result =          0.0200593
best_mc_result_non_secondary =          0.0188875
evolved_target_dot_squared =  0.979941
distance =          0.980454
j_protocol =  [[1, 1, 1, 1, 1, 1, 1, 1, 1, 1, 1, 1, 1, 1, 1, 1, 1, 1, 1, 1, 1, 0, 0, 0, 0, 0, 0, 0, 0, 0, 0, 0, ],[1, 1, 1, 1, 1, 1, 1, 1, 1, 1, 1, 1, 1, 1, 1, 1, 1, 1, 1, 1, 1, 0, 0, 0, 0, 0, 0, 0, 0, 0, 0, 0, ],]
k_protocol =  [[0, 0, 0, 0, 0, 0, 0, 0, 0, 1, 1, 1, 1, 1, 1, 1, 1, 1, 1, 1, 1, 1, 1, 1, 1, 1, 1, 1, 1, 1, 1, 1, ],[0, 0, 0, 0, 0, 0, 0, 0, 0, 1, 1, 1, 1, 1, 1, 1, 1, 1, 1, 1, 1, 1, 1, 1, 1, 1, 1, 1, 1, 1, 1, 1, ],]
j_protocol_secondary =  [0, 0.00399231, 0.00399231, 0.0151684, 0.0151684, 0.0167647, 0.0173911, 0.0173911, 0.0218855, 0.0218855, 0.0244466, 0.0244466, ]
k_protocol_secondary =  [0.0020442, 0.0020442, 0.0029134, 0.0029134, 0.00543374, 0.00543374, 0.0067288, 0.00703125, 0.00703125, 0.0100231, 0.0100231, 0.025, ]
best_evolved_state = [-0.18463, -0.0220096, -0.653619, -0.0603049, -0.18463, -0.0220096, -0.18463, -0.0220096, -0.653619, -0.0603049, -0.18463, -0.0220096, ]
best_mc_result_fixed_tau =   [0.0188875, 0.0188875, ]
evolved_state_fixed_tau =   [[-0.183385, -0.0430009, -0.644326, -0.11784, -0.183385, -0.0430009, -0.183385, -0.0430009, -0.644326, -0.11784, -0.183385, -0.0430009, ],[-0.183385, -0.0430009, -0.644326, -0.11784, -0.183385, -0.0430009, -0.183385, -0.0430009, -0.644326, -0.11784, -0.183385, -0.0430009, ],]
