START_PARAMETERS
MAX_STEPS_MCDB =               32
MIN_STEPS_MCDB =               4
STEPS_CRUNCH_MCDB =            1
SWEEPS_MCDB =                  100
TOTAL_STEP_CHANGES =                  6
MCBB_SECONDARY =                  1
SWEEPS_MCBB_SECONDARY =                  50
NUMBER_OF_BANGS =                  6
GROUND_E =                -2.6822
INITIAL_E =               -2.58851
j_initial =               0.61
k_initial =               0.5
b_initial =               0
j_target =                0.751
k_target =                0.25
b_target =                0
init_target_dot_squared = 0.978532
init_state = [-0.249636, 0, -0.61267, 0, -0.249636, 0, -0.249636, 0, -0.61267, 0, -0.249636, 0, ]
target_state = [-0.310418, 0, -0.55433, 0, -0.310418, 0, -0.310418, 0, -0.55433, 0, -0.310418, 0, ]
USE_ENERGY_DISTANCE =     false
PERIODIC =                false
UNIFORM_SITES =           true
DEVICE_DIMENSION =        2
MAX_PARAM =               1
MIN_PARAM =               0
MIN_PARAM =               0
DIAG =                    true
NUM_SEEDS =               1
NUMBER_OF_BANGS =               6
DISTANCE_LIMIT =          0.02
TAU_INIT =                0.05
MAX_TAU =                 5
TAU_SCALAR =              1.2
TAU_SCALAR_TINY =         1.1
TAU_SCALAR_BIG =          1.4
ACCEPTANCE_PROB =         0.85
TEMP_EXP_DECAY =          0.8
MIN_TEMP_FRACTION =       0.01
TEMP_DECAY_ITERATIONS =   21
ZERO_TEMP_ITREATIONS =    15
RANDOM_STATES =           3
END_PARAMETERS
##############################################################################
clock_duration  =         4.51476
tau =                     0.046875
total_steps =             32
time_step =               0.0015625
best_mc_result =          0.0200828
best_mc_result_non_secondary =          0
evolved_target_dot_squared =  0.979917
distance =          0.935454
j_protocol =  [[0, 0, 0, 0, 0, 0, 0, 0, 0, 0, 0, 0, 0, 0, 0, 0, 0, 0, 0, 0, 0, 0, 0, 0, 0, 0, 0, 0, 0, 0, 0, 0, ],]
k_protocol =  [[0, 0, 0, 0, 0, 0, 0, 0, 0, 0, 0, 0, 0, 0, 0, 0, 0, 0, 0, 0, 0, 0, 0, 0, 0, 0, 0, 0, 0, 0, 0, 0, ],]
j_protocol_secondary =  [0, 0.00982838, 0.00982838, 0.0134073, 0.0134073, 0.0193416, 0.0193416, 0.0225034, 0.0225034, 0.0232081, 0.0232081, 0.0407641, ]
k_protocol_secondary =  [8.56825e-06, 8.56825e-06, 0.0202328, 0.0202328, 0.0224248, 0.0279736, 0.0279736, 0.0385147, 0.0385147, 0.0441037, 0.0441037, 0.046875, ]
best_evolved_state = [-0.247158, -0.049781, -0.602388, -0.09999, -0.247158, -0.049781, -0.247158, -0.049781, -0.602388, -0.09999, -0.247158, -0.049781, ]
best_mc_result_fixed_tau =   [0.0198969, ]
evolved_state_fixed_tau =   [[-0.246722, -0.0533949, -0.600743, -0.107992, -0.246722, -0.0533949, -0.246722, -0.0533949, -0.600743, -0.107992, -0.246722, -0.0533949, ],]
