START_PARAMETERS
MAX_STEPS_MCDB =               64
MIN_STEPS_MCDB =               4
STEPS_CRUNCH_MCDB =            1
SWEEPS_MCDB =                  100
TOTAL_STEP_CHANGES =                  7
MCBB_SECONDARY =                  1
SWEEPS_MCBB_SECONDARY =                  150
NUMBER_OF_BANGS =                  5
GROUND_E =                -1.51431
INITIAL_E =               -1.4818
j_initial =               0.679
k_initial =               0.25
b_initial =               0
j_target =                0.513
k_target =                0.031
b_target =                0
init_target_dot_squared = 0.988807
init_state = [0.305788, 0, 0.559453, 0, 0.305788, 0, 0.305788, 0, 0.559453, 0, 0.305788, 0, ]
target_state = [0.345924, 0, 0.510561, 0, 0.345924, 0, 0.345924, 0, 0.510561, 0, 0.345924, 0, ]
USE_ENERGY_DISTANCE =     false
PERIODIC =                false
UNIFORM_SITES =           true
DEVICE_DIMENSION =        2
MAX_PARAM =               1
MIN_PARAM =               0
MIN_PARAM =               0
DIAG =                    true
NUM_SEEDS =               1
DISTANCE_LIMIT =          0.01
TAU_INIT =                0.05
MAX_TAU =                 3
TAU_SCALAR =              1.15
TAU_SCALAR_TINY =         1.05
TAU_SCALAR_BIG =          1.3
ACCEPTANCE_PROB =         0.55
TEMP_EXP_DECAY =          0.8
MIN_TEMP_FRACTION =       0.01
TEMP_DECAY_ITERATIONS =   21
ZERO_TEMP_ITREATIONS =    15
RANDOM_STATES =           3
INIT_OVERLAP_LIMIT =      0.99999
END_PARAMETERS
##############################################################################
clock_duration  =         1.25963
tau =                     0.05
total_steps =             16
time_step =               0.003125
best_mc_result =          0.0104212
evolved_target_dot_squared =  0.989579
best_evolved_state = [0.302446, 0.0548414, 0.550248, 0.090915, 0.302446, 0.0548414, 0.302446, 0.0548414, 0.550248, 0.090915, 0.302446, 0.0548414, ]
distance =          0.931047
j_protocol =  [[1, 1, 1, 1, 1, 1, 1, 1, 1, 1, 1, 1, 1, 1, 1, 1, ],]
k_protocol =  [[0, 0, 0, 0, 0, 0, 0, 0, 0, 0, 0, 0, 1, 1, 1, 1, ],]
j_protocol_secondary =  [0, 0.00814549, 0.00814549, 0.0141309, 0.0141309, 0.0473601, 0.0473601, 0.0492088, 0.0499871, 0.0499871, ]
k_protocol_secondary =  [0.0115828, 0.0115828, 0.0242487, 0.0242487, 0.0360344, 0.0372153, 0.0372153, 0.0478738, 0.0478738, 0.05, ]
best_mc_result_fixed_tau =   [0.0104334, ]
evolved_state_fixed_tau =   [[0.302389, 0.0557214, 0.550506, 0.0886303, 0.302389, 0.0557214, 0.302389, 0.0557214, 0.550506, 0.0886303, 0.302389, 0.0557214, ],]
##############################################################################
clock_duration  =         2.58547
tau =                     0.13
total_steps =             16
time_step =               0.008125
best_mc_result =          0.00658298
evolved_target_dot_squared =  0.993417
best_evolved_state = [0.283659, 0.139401, 0.499004, 0.226284, 0.283659, 0.139401, 0.283659, 0.139401, 0.499004, 0.226284, 0.283659, 0.139401, ]
distance =          0.588132
j_protocol =  [[1, 1, 1, 1, 1, 1, 1, 1, 1, 1, 1, 1, 1, 1, 1, 1, ],]
k_protocol =  [[0, 0, 0, 0, 0, 0, 0, 0, 0, 0, 0, 0, 1, 1, 1, 1, ],]
j_protocol_secondary =  [0, 0.0211783, 0.0211783, 0.0367403, 0.0367403, 0.123136, 0.123136, 0.125661, 0.125661, 0.127955, ]
k_protocol_secondary =  [0.0301154, 0.0301154, 0.0630466, 0.0630466, 0.0948033, 0.0967597, 0.0967597, 0.124472, 0.124472, 0.13, ]
best_mc_result_fixed_tau =   [0.00662625, ]
evolved_state_fixed_tau =   [[0.283124, 0.141555, 0.499864, 0.223031, 0.283124, 0.141555, 0.283124, 0.141555, 0.499864, 0.223031, 0.283124, 0.141555, ],]
