START_PARAMETERS
MAX_STEPS_MCDB =               32
MIN_STEPS_MCDB =               4
STEPS_CRUNCH_MCDB =            1
SWEEPS_MCDB =                  80
TOTAL_STEP_CHANGES =                  6
MCBB_SECONDARY =                  1
SWEEPS_MCBB_SECONDARY =                  150
NUMBER_OF_BANGS =                  4
GROUND_E =                -1.57182
INITIAL_E =               -1.51364
j_initial =               0.911
k_initial =               0.5
b_initial =               0
j_target =                0.51
k_target =                0.062
b_target =                0
init_target_dot_squared = 0.979908
init_state = [0.282444, 0, 0.583481, 0, 0.282444, 0, 0.282444, 0, 0.583481, 0, 0.282444, 0, ]
target_state = [0.338074, 0, 0.520972, 0, 0.338074, 0, 0.338074, 0, 0.520972, 0, 0.338074, 0, ]
USE_ENERGY_DISTANCE =     false
PERIODIC =                false
UNIFORM_SITES =           true
DEVICE_DIMENSION =        2
MAX_PARAM =               1
MIN_PARAM =               0
MIN_PARAM =               0
DIAG =                    true
NUM_SEEDS =               2
NUMBER_OF_BANGS =               4
DISTANCE_LIMIT =          0.02
TAU_INIT =                0.05
MAX_TAU =                 5
TAU_SCALAR =              1.2
TAU_SCALAR_TINY =         1.1
TAU_SCALAR_BIG =          1.3
ACCEPTANCE_PROB =         0.85
TEMP_EXP_DECAY =          0.8
MIN_TEMP_FRACTION =       0.01
TEMP_DECAY_ITERATIONS =   21
ZERO_TEMP_ITREATIONS =    20
RANDOM_STATES =           3
END_PARAMETERS
##############################################################################
clock_duration  =         7.13974
tau =                     0.0125
total_steps =             32
time_step =               0.0015625
best_mc_result =          0.0200077
best_mc_result_non_secondary =          0
evolved_target_dot_squared =  0.979992
distance =          0.995811
j_protocol =  [[0, 0, 0, 0, 0, 0, 0, 0, 0, 0, 0, 0, 0, 0, 0, 0, 0, 0, 0, 0, 0, 0, 0, 0, 0, 0, 0, 0, 0, 0, 0, 0, ],[0, 0, 0, 0, 0, 0, 0, 0, 0, 0, 0, 0, 0, 0, 0, 0, 0, 0, 0, 0, 0, 0, 0, 0, 0, 0, 0, 0, 0, 0, 0, 0, ],]
k_protocol =  [[0, 0, 0, 0, 0, 0, 0, 0, 0, 0, 0, 0, 0, 0, 0, 0, 0, 0, 0, 0, 0, 0, 0, 0, 0, 0, 0, 0, 0, 0, 0, 0, ],[0, 0, 0, 0, 0, 0, 0, 0, 0, 0, 0, 0, 0, 0, 0, 0, 0, 0, 0, 0, 0, 0, 0, 0, 0, 0, 0, 0, 0, 0, 0, 0, ],]
j_protocol_secondary =  [0, 0.0024168, 0.0024168, 0.011604, 0.011604, 0.0119836, 0.0123276, 0.0123276, ]
k_protocol_secondary =  [0.00366271, 0.00366271, 0.00484863, 0.00484863, 0.00773755, 0.0104085, 0.0104085, 0.0125, ]
best_evolved_state = [0.28224, 0.0139808, 0.582823, 0.024644, 0.28224, 0.0139808, 0.28224, 0.0139808, 0.582823, 0.024644, 0.28224, 0.0139808, ]
best_mc_result_fixed_tau =   [0.0187702, 0.0187714, ]
evolved_state_fixed_tau =   [[0.279113, 0.0562831, 0.572959, 0.0978458, 0.279113, 0.0562831, 0.279113, 0.0562831, 0.572959, 0.0978458, 0.279113, 0.0562831, ],[0.2794, 0.0544893, 0.573321, 0.0961037, 0.2794, 0.0544893, 0.2794, 0.0544893, 0.573321, 0.0961037, 0.2794, 0.0544893, ],]
