START_PARAMETERS
MAX_STEPS_MCDB =               32
MIN_STEPS_MCDB =               4
STEPS_CRUNCH_MCDB =            1
SWEEPS_MCDB =                  100
TOTAL_STEP_CHANGES =                  6
MCBB_SECONDARY =                  1
SWEEPS_MCBB_SECONDARY =                  50
NUMBER_OF_BANGS =                  6
GROUND_E =                -1.57182
INITIAL_E =               -1.51364
j_initial =               0.911
k_initial =               0.5
b_initial =               0
j_target =                0.51
k_target =                0.062
b_target =                0
init_target_dot_squared = 0.979908
init_state = [0.282444, 0, 0.583481, 0, 0.282444, 0, 0.282444, 0, 0.583481, 0, 0.282444, 0, ]
target_state = [0.338074, 0, 0.520972, 0, 0.338074, 0, 0.338074, 0, 0.520972, 0, 0.338074, 0, ]
USE_ENERGY_DISTANCE =     false
PERIODIC =                false
UNIFORM_SITES =           true
DEVICE_DIMENSION =        2
MAX_PARAM =               1
MIN_PARAM =               0
MIN_PARAM =               0
DIAG =                    true
NUM_SEEDS =               2
DISTANCE_LIMIT =          0.02
TAU_INIT =                0.05
MAX_TAU =                 5
TAU_SCALAR =              1.2
TAU_SCALAR_TINY =         1.1
TAU_SCALAR_BIG =          1.4
ACCEPTANCE_PROB =         0.85
TEMP_EXP_DECAY =          0.8
MIN_TEMP_FRACTION =       0.01
TEMP_DECAY_ITERATIONS =   21
ZERO_TEMP_ITREATIONS =    15
RANDOM_STATES =           3
END_PARAMETERS
##############################################################################
clock_duration  =         3.1128
tau =                     0.0125
total_steps =             32
time_step =               0.0015625
best_mc_result =          0.0200077
best_mc_result_non_secondary =          0.0187714
evolved_target_dot_squared =  0.979992
distance =          0.995811
j_protocol =  [[1, 1, 1, 1, 1, 1, 1, 1, 1, 1, 1, 1, 1, 1, 1, 1, 1, 1, 1, 1, 1, 1, 1, 1, 1, 1, 1, 1, 1, 1, 0, 0, ],[1, 1, 1, 1, 1, 1, 1, 1, 1, 1, 1, 1, 1, 1, 1, 1, 1, 1, 1, 1, 1, 1, 1, 1, 1, 1, 1, 1, 1, 1, 0, 0, ],]
k_protocol =  [[0, 0, 0, 0, 0, 0, 0, 0, 0, 0, 0, 0, 0, 0, 0, 0, 0, 0, 0, 0, 1, 1, 1, 1, 1, 1, 1, 1, 1, 1, 1, 1, ],[0, 0, 0, 0, 0, 0, 0, 0, 0, 0, 0, 0, 0, 0, 0, 0, 0, 0, 0, 0, 1, 1, 1, 1, 1, 1, 1, 1, 1, 1, 1, 1, ],]
j_protocol_secondary =  [0, 0.0010452, 0.0010452, 0.0033636, 0.0033636, 0.00568717, 0.00568717, 0.00654342, 0.00654342, 0.0118051, 0.0118051, 0.0119832, ]
k_protocol_secondary =  [0.00118448, 0.00118448, 0.00389161, 0.00389161, 0.00750963, 0.00750963, 0.00773978, 0.0105135, 0.0105135, 0.010801, 0.010801, 0.0125, ]
best_evolved_state = [0.28224, 0.0139803, 0.582824, 0.0246383, 0.28224, 0.0139803, 0.28224, 0.0139803, 0.582824, 0.0246383, 0.28224, 0.0139803, ]
best_mc_result_fixed_tau =   [0.0187714, 0.0187714, ]
evolved_state_fixed_tau =   [[0.2794, 0.0544893, 0.573321, 0.0961037, 0.2794, 0.0544893, 0.2794, 0.0544893, 0.573321, 0.0961037, 0.2794, 0.0544893, ],[0.2794, 0.0544893, 0.573321, 0.0961037, 0.2794, 0.0544893, 0.2794, 0.0544893, 0.573321, 0.0961037, 0.2794, 0.0544893, ],]
