START_PARAMETERS
MAX_STEPS_MCDB =               32
MIN_STEPS_MCDB =               4
STEPS_CRUNCH_MCDB =            1
SWEEPS_MCDB =                  100
TOTAL_STEP_CHANGES =                  6
MCBB_SECONDARY =                  1
SWEEPS_MCBB_SECONDARY =                  50
NUMBER_OF_BANGS =                  6
GROUND_E =                -3.33242
INITIAL_E =               -3.23732
j_initial =               0.56
k_initial =               0.125
b_initial =               0
j_target =                0.745
k_target =                0.5
b_target =                0
init_target_dot_squared = 0.979612
init_state = [0.324826, 0, 0.537565, 0, 0.324826, 0, 0.324826, 0, 0.537565, 0, 0.324826, 0, ]
target_state = [0.267222, 0, 0.597649, 0, 0.267222, 0, 0.267222, 0, 0.597649, 0, 0.267222, 0, ]
USE_ENERGY_DISTANCE =     false
PERIODIC =                false
UNIFORM_SITES =           true
DEVICE_DIMENSION =        2
MAX_PARAM =               1
MIN_PARAM =               0
MIN_PARAM =               0
DIAG =                    true
NUM_SEEDS =               1
NUMBER_OF_BANGS =               6
DISTANCE_LIMIT =          0.02
TAU_INIT =                0.05
MAX_TAU =                 5
TAU_SCALAR =              1.2
TAU_SCALAR_TINY =         1.1
TAU_SCALAR_BIG =          1.4
ACCEPTANCE_PROB =         0.85
TEMP_EXP_DECAY =          0.8
MIN_TEMP_FRACTION =       0.01
TEMP_DECAY_ITERATIONS =   21
ZERO_TEMP_ITREATIONS =    15
RANDOM_STATES =           3
END_PARAMETERS
##############################################################################
clock_duration  =         1.64768
tau =                     0.025
total_steps =             32
time_step =               0.0015625
best_mc_result =          0.0200214
best_mc_result_non_secondary =          0
evolved_target_dot_squared =  0.979979
distance =          0.982026
j_protocol =  [[0, 0, 0, 0, 0, 0, 0, 0, 0, 0, 0, 0, 0, 0, 0, 0, 0, 0, 0, 0, 0, 0, 0, 0, 0, 0, 0, 0, 0, 0, 0, 0, ],]
k_protocol =  [[0, 0, 0, 0, 0, 0, 0, 0, 0, 0, 0, 0, 0, 0, 0, 0, 0, 0, 0, 0, 0, 0, 0, 0, 0, 0, 0, 0, 0, 0, 0, 0, ],]
j_protocol_secondary =  [0.00205591, 0.0031902, 0.0031902, 0.00361992, 0.00361992, 0.0061302, 0.0061302, 0.0107532, 0.0107532, 0.0244511, 0.0244511, 0.025, ]
k_protocol_secondary =  [0, 0.00676756, 0.00676756, 0.00949149, 0.00949149, 0.0112643, 0.0135993, 0.0135993, 0.0184679, 0.0184679, 0.0190996, 0.0190996, ]
best_evolved_state = [0.323214, 0.0246241, 0.535669, 0.0539619, 0.323214, 0.0246241, 0.323214, 0.0246241, 0.535669, 0.0539619, 0.323214, 0.0246241, ]
best_mc_result_fixed_tau =   [0.0189464, ]
evolved_state_fixed_tau =   [[0.318548, 0.0483867, 0.530348, 0.105373, 0.318548, 0.0483867, 0.318548, 0.0483867, 0.530348, 0.105373, 0.318548, 0.0483867, ],]
