START_PARAMETERS
MAX_STEPS_MCDB =               32
MIN_STEPS_MCDB =               4
STEPS_CRUNCH_MCDB =            1
SWEEPS_MCDB =                  100
TOTAL_STEP_CHANGES =                  6
MCBB_SECONDARY =                  1
SWEEPS_MCBB_SECONDARY =                  50
NUMBER_OF_BANGS =                  6
GROUND_E =                -2.08628
INITIAL_E =               -2.04222
j_initial =               0.041
k_initial =               0.5
b_initial =               0
j_target =                0.15
k_target =                0.5
b_target =                0
init_target_dot_squared = 0.979719
init_state = [-0.0288464, 0, -0.705929, 0, -0.0288464, 0, -0.0288464, 0, -0.705929, 0, -0.0288464, 0, ]
target_state = [-0.0996402, 0, -0.692924, 0, -0.0996402, 0, -0.0996402, 0, -0.692924, 0, -0.0996402, 0, ]
USE_ENERGY_DISTANCE =     false
PERIODIC =                false
UNIFORM_SITES =           true
DEVICE_DIMENSION =        2
MAX_PARAM =               1
MIN_PARAM =               0
MIN_PARAM =               0
DIAG =                    true
NUM_SEEDS =               2
DISTANCE_LIMIT =          0.02
TAU_INIT =                0.05
MAX_TAU =                 5
TAU_SCALAR =              1.2
TAU_SCALAR_TINY =         1.1
TAU_SCALAR_BIG =          1.4
ACCEPTANCE_PROB =         0.85
TEMP_EXP_DECAY =          0.8
MIN_TEMP_FRACTION =       0.01
TEMP_DECAY_ITERATIONS =   21
ZERO_TEMP_ITREATIONS =    15
RANDOM_STATES =           3
END_PARAMETERS
##############################################################################
clock_duration  =         2.35046
tau =                     0.025
total_steps =             32
time_step =               0.0015625
best_mc_result =          0.0200564
best_mc_result_non_secondary =          0.019392
evolved_target_dot_squared =  0.979944
distance =          0.988906
j_protocol =  [[1, 1, 1, 1, 1, 1, 1, 1, 0, 0, 0, 0, 0, 0, 0, 0, 0, 0, 0, 0, 0, 0, 0, 0, 0, 0, 0, 0, 0, 0, 0, 0, ],[1, 1, 1, 1, 1, 1, 1, 1, 0, 0, 0, 0, 0, 0, 0, 0, 0, 0, 0, 0, 0, 0, 0, 0, 0, 0, 0, 0, 0, 0, 0, 0, ],]
k_protocol =  [[0, 1, 1, 1, 1, 1, 1, 1, 1, 1, 1, 1, 1, 1, 1, 1, 1, 1, 1, 1, 1, 1, 1, 1, 1, 1, 1, 1, 1, 1, 1, 1, ],[0, 1, 1, 1, 1, 1, 1, 1, 1, 1, 1, 1, 1, 1, 1, 1, 1, 1, 1, 1, 1, 1, 1, 1, 1, 1, 1, 1, 1, 1, 1, 1, ],]
j_protocol_secondary =  [0, 0.00541233, 0.00541233, 0.00595167, 0.00595167, 0.00612275, 0.00836701, 0.00836701, 0.0153918, 0.0153918, 0.0167208, 0.0167208, ]
k_protocol_secondary =  [0.000467919, 0.00209531, 0.00209531, 0.00505473, 0.00505473, 0.0136667, 0.0136667, 0.0212701, 0.0212701, 0.0225026, 0.0225026, 0.025, ]
best_evolved_state = [-0.0287518, -0.0086433, -0.702366, -0.0698547, -0.0287518, -0.0086433, -0.0287518, -0.0086433, -0.702366, -0.0698547, -0.0287518, -0.0086433, ]
best_mc_result_fixed_tau =   [0.019392, 0.019392, ]
evolved_state_fixed_tau =   [[-0.0284907, -0.0176393, -0.692036, -0.137262, -0.0284907, -0.0176393, -0.0284907, -0.0176393, -0.692036, -0.137262, -0.0284907, -0.0176393, ],[-0.0284907, -0.0176393, -0.692036, -0.137262, -0.0284907, -0.0176393, -0.0284907, -0.0176393, -0.692036, -0.137262, -0.0284907, -0.0176393, ],]
