START_PARAMETERS
MAX_STEPS_MCDB =               32
MIN_STEPS_MCDB =               4
STEPS_CRUNCH_MCDB =            1
SWEEPS_MCDB =                  100
TOTAL_STEP_CHANGES =                  6
MCBB_SECONDARY =                  1
SWEEPS_MCBB_SECONDARY =                  50
NUMBER_OF_BANGS =                  6
GROUND_E =                -1.57182
INITIAL_E =               -1.51364
j_initial =               0.911
k_initial =               0.5
b_initial =               0
j_target =                0.51
k_target =                0.062
b_target =                0
init_target_dot_squared = 0.979908
init_state = [0.282444, 0, 0.583481, 0, 0.282444, 0, 0.282444, 0, 0.583481, 0, 0.282444, 0, ]
target_state = [0.338074, 0, 0.520972, 0, 0.338074, 0, 0.338074, 0, 0.520972, 0, 0.338074, 0, ]
USE_ENERGY_DISTANCE =     false
PERIODIC =                false
UNIFORM_SITES =           true
DEVICE_DIMENSION =        2
MAX_PARAM =               1
MIN_PARAM =               0
MIN_PARAM =               0
DIAG =                    true
NUM_SEEDS =               1
NUMBER_OF_BANGS =               6
DISTANCE_LIMIT =          0.02
TAU_INIT =                0.05
MAX_TAU =                 5
TAU_SCALAR =              1.2
TAU_SCALAR_TINY =         1.1
TAU_SCALAR_BIG =          1.4
ACCEPTANCE_PROB =         0.85
TEMP_EXP_DECAY =          0.8
MIN_TEMP_FRACTION =       0.01
TEMP_DECAY_ITERATIONS =   21
ZERO_TEMP_ITREATIONS =    15
RANDOM_STATES =           3
END_PARAMETERS
##############################################################################
clock_duration  =         1.74758
tau =                     0.0125
total_steps =             32
time_step =               0.0015625
best_mc_result =          0.0200077
best_mc_result_non_secondary =          0
evolved_target_dot_squared =  0.979992
distance =          0.995811
j_protocol =  [[0, 0, 0, 0, 0, 0, 0, 0, 0, 0, 0, 0, 0, 0, 0, 0, 0, 0, 0, 0, 0, 0, 0, 0, 0, 0, 0, 0, 0, 0, 0, 0, ],]
k_protocol =  [[0, 0, 0, 0, 0, 0, 0, 0, 0, 0, 0, 0, 0, 0, 0, 0, 0, 0, 0, 0, 0, 0, 0, 0, 0, 0, 0, 0, 0, 0, 0, 0, ],]
j_protocol_secondary =  [0, 0.00222137, 0.00222137, 0.00249376, 0.00249376, 0.00335843, 0.00335843, 0.00381042, 0.00381042, 0.00421236, 0.00421236, 0.0119828, ]
k_protocol_secondary =  [0.00439837, 0.00439837, 0.00773899, 0.00814769, 0.00814769, 0.00953132, 0.00953132, 0.0100256, 0.0100256, 0.0110243, 0.0110243, 0.0125, ]
best_evolved_state = [0.28224, 0.0139798, 0.582823, 0.0246397, 0.28224, 0.0139798, 0.28224, 0.0139798, 0.582823, 0.0246397, 0.28224, 0.0139798, ]
best_mc_result_fixed_tau =   [0.0187702, ]
evolved_state_fixed_tau =   [[0.279113, 0.0562831, 0.572959, 0.0978458, 0.279113, 0.0562831, 0.279113, 0.0562831, 0.572959, 0.0978458, 0.279113, 0.0562831, ],]
