START_PARAMETERS
MAX_STEPS_MCDB =               64
MIN_STEPS_MCDB =               4
STEPS_CRUNCH_MCDB =            1
SWEEPS_MCDB =                  100
TOTAL_STEP_CHANGES =                  7
MCBB_SECONDARY =                  1
SWEEPS_MCBB_SECONDARY =                  150
NUMBER_OF_BANGS =                  5
GROUND_E =                -2.18381
INITIAL_E =               -2.15265
j_initial =               0.123
k_initial =               0.5
b_initial =               0
j_target =                0.224
k_target =                0.5
b_target =                0
init_target_dot_squared = 0.98684
init_state = [-0.0833096, 0, -0.697222, 0, -0.0833096, 0, -0.0833096, 0, -0.697222, 0, -0.0833096, 0, ]
target_state = [-0.139315, 0, -0.679104, 0, -0.139315, 0, -0.139315, 0, -0.679104, 0, -0.139315, 0, ]
USE_ENERGY_DISTANCE =     false
PERIODIC =                false
UNIFORM_SITES =           true
DEVICE_DIMENSION =        2
MAX_PARAM =               1
MIN_PARAM =               0
MIN_PARAM =               0
DIAG =                    true
NUM_SEEDS =               1
DISTANCE_LIMIT =          0.01
TAU_INIT =                0.05
MAX_TAU =                 3
TAU_SCALAR =              1.15
TAU_SCALAR_TINY =         1.05
TAU_SCALAR_BIG =          1.3
ACCEPTANCE_PROB =         0.55
TEMP_EXP_DECAY =          0.8
MIN_TEMP_FRACTION =       0.01
TEMP_DECAY_ITERATIONS =   21
ZERO_TEMP_ITREATIONS =    15
RANDOM_STATES =           3
INIT_OVERLAP_LIMIT =      0.99999
END_PARAMETERS
##############################################################################
clock_duration  =         1.3529
tau =                     0.05
total_steps =             16
time_step =               0.003125
best_mc_result =          0.012251
evolved_target_dot_squared =  0.987749
best_evolved_state = [-0.0826238, -0.0249247, -0.683338, -0.134736, -0.0826238, -0.0249247, -0.0826238, -0.0249247, -0.683338, -0.134736, -0.0826238, -0.0249247, ]
distance =          0.930956
j_protocol =  [[1, 1, 1, 1, 1, 1, 0, 0, 0, 0, 0, 0, 0, 0, 0, 0, ],]
k_protocol =  [[0, 1, 1, 1, 1, 1, 1, 1, 1, 1, 1, 1, 1, 1, 1, 1, ],]
j_protocol_secondary =  [0, 0.00814549, 0.00814549, 0.0141309, 0.0141309, 0.0178916, 0.0473601, 0.0473601, 0.0499871, 0.0499871, ]
k_protocol_secondary =  [0.00347611, 0.0115828, 0.0115828, 0.0242487, 0.0242487, 0.0372153, 0.0372153, 0.0478738, 0.0478738, 0.05, ]
best_mc_result_fixed_tau =   [0.0122562, ]
evolved_state_fixed_tau =   [[-0.0825121, -0.0261167, -0.683032, -0.135967, -0.0825121, -0.0261167, -0.0825121, -0.0261167, -0.683032, -0.135967, -0.0825121, -0.0261167, ],]
##############################################################################
clock_duration  =         2.71788
tau =                     0.13
total_steps =             16
time_step =               0.008125
best_mc_result =          0.00770506
evolved_target_dot_squared =  0.992295
best_evolved_state = [-0.0788619, -0.0633869, -0.605548, -0.335912, -0.0788619, -0.0633869, -0.0788619, -0.0633869, -0.605548, -0.335912, -0.0788619, -0.0633869, ]
distance =          0.585508
j_protocol =  [[1, 1, 1, 1, 1, 1, 0, 0, 0, 0, 0, 0, 0, 0, 0, 0, ],]
k_protocol =  [[1, 1, 1, 1, 1, 1, 1, 1, 1, 1, 1, 1, 1, 1, 1, 1, ],]
j_protocol_secondary =  [0, 0.0211783, 0.0211783, 0.0362772, 0.0362772, 0.0457437, 0.123136, 0.123136, 0.129966, 0.129966, ]
k_protocol_secondary =  [0.00897206, 0.0301154, 0.0301154, 0.0630466, 0.0630466, 0.0967597, 0.0967597, 0.124472, 0.124472, 0.13, ]
best_mc_result_fixed_tau =   [0.00781853, ]
evolved_state_fixed_tau =   [[-0.0759353, -0.0672839, -0.592495, -0.358277, -0.0759353, -0.0672839, -0.0759353, -0.0672839, -0.592495, -0.358277, -0.0759353, -0.0672839, ],]
