START_PARAMETERS
MAX_STEPS_MCDB =               32
MIN_STEPS_MCDB =               4
STEPS_CRUNCH_MCDB =            1
SWEEPS_MCDB =                  100
TOTAL_STEP_CHANGES =                  6
MCBB_SECONDARY =                  1
SWEEPS_MCBB_SECONDARY =                  50
NUMBER_OF_BANGS =                  6
GROUND_E =                -2.008
INITIAL_E =               -1.92866
j_initial =               0.452
k_initial =               0.5
b_initial =               0
j_target =                0.503
k_target =                0.25
b_target =                0
init_target_dot_squared = 0.973693
init_state = [-0.219058, 0, -0.635631, 0, -0.219058, 0, -0.219058, 0, -0.635631, 0, -0.219058, 0, ]
target_state = [0.289058, 0, 0.576967, 0, 0.289058, 0, 0.289058, 0, 0.576967, 0, 0.289058, 0, ]
USE_ENERGY_DISTANCE =     false
PERIODIC =                false
UNIFORM_SITES =           true
DEVICE_DIMENSION =        2
MAX_PARAM =               1
MIN_PARAM =               0
MIN_PARAM =               0
DIAG =                    true
NUM_SEEDS =               1
NUMBER_OF_BANGS =               6
DISTANCE_LIMIT =          0.02
TAU_INIT =                0.05
MAX_TAU =                 5
TAU_SCALAR =              1.2
TAU_SCALAR_TINY =         1.1
TAU_SCALAR_BIG =          1.4
ACCEPTANCE_PROB =         0.85
TEMP_EXP_DECAY =          0.8
MIN_TEMP_FRACTION =       0.01
TEMP_DECAY_ITERATIONS =   21
ZERO_TEMP_ITREATIONS =    15
RANDOM_STATES =           3
END_PARAMETERS
##############################################################################
clock_duration  =         1.43399
tau =                     0.05
total_steps =             32
time_step =               0.0015625
best_mc_result =          0.0244593
best_mc_result_non_secondary =          0.0244606
evolved_target_dot_squared =  0.975541
distance =          0.929754
j_protocol =  [[1, 1, 1, 1, 1, 1, 1, 1, 1, 1, 1, 1, 1, 1, 1, 1, 1, 1, 1, 1, 1, 1, 1, 1, 1, 0, 0, 0, 0, 0, 0, 0, ],]
k_protocol =  [[0, 0, 0, 0, 0, 0, 0, 0, 0, 0, 0, 0, 1, 1, 1, 1, 1, 1, 1, 1, 1, 1, 1, 1, 1, 1, 1, 1, 1, 1, 1, 1, ],]
j_protocol_secondary =  [0, 0.0054347, 0.0054347, 0.00727836, 0.00727836, 0.0251327, 0.0251327, 0.0396166, 0.041411, 0.041411, 0.0499633, 0.0499633, ]
k_protocol_secondary =  [0.00102611, 0.00102611, 0.00124353, 0.00124353, 0.0188273, 0.0271362, 0.0271362, 0.0328895, 0.0328895, 0.0398608, 0.0398608, 0.05, ]
best_evolved_state = [-0.216591, -0.0501884, -0.623173, -0.113114, -0.216591, -0.0501884, -0.216591, -0.0501884, -0.623173, -0.113114, -0.216591, -0.0501884, ]
best_mc_result_fixed_tau =   [0.0244606, ]
evolved_state_fixed_tau =   [[-0.216678, -0.0494925, -0.623274, -0.112833, -0.216678, -0.0494925, -0.216678, -0.0494925, -0.623274, -0.112833, -0.216678, -0.0494925, ],]
##############################################################################
clock_duration  =         3.46522
tau =                     0.095
total_steps =             32
time_step =               0.004375
best_mc_result =          0.0199838
best_mc_result_non_secondary =          0
evolved_target_dot_squared =  0.980016
distance =          0.759631
j_protocol =  [[0, 0, 0, 0, 0, 0, 0, 0, 0, 0, 0, 0, 0, 0, 0, 0, 0, 0, 0, 0, 0, 0, 0, 0, 0, 0, 0, 0, 0, 0, 0, 0, ],]
k_protocol =  [[0, 0, 0, 0, 0, 0, 0, 0, 0, 0, 0, 0, 0, 0, 0, 0, 0, 0, 0, 0, 0, 0, 0, 0, 0, 0, 0, 0, 0, 0, 0, 0, ],]
j_protocol_secondary =  [0, 0.0246848, 0.0246848, 0.0711201, 0.0711201, 0.0751605, 0.0776272, 0.0776272, 0.0824075, 0.0824075, 0.0918831, 0.0918831, ]
k_protocol_secondary =  [0.004947, 0.004947, 0.0177972, 0.0177972, 0.0358431, 0.0471493, 0.0471493, 0.0576086, 0.0576086, 0.0870582, 0.0870582, 0.095, ]
best_evolved_state = [-0.210261, -0.0943633, -0.591175, -0.210438, -0.210261, -0.0943633, -0.210261, -0.0943633, -0.591175, -0.210438, -0.210261, -0.0943633, ]
best_mc_result_fixed_tau =   [0.0137938, ]
evolved_state_fixed_tau =   [[-0.198632, -0.14042, -0.538296, -0.303138, -0.198632, -0.14042, -0.198632, -0.14042, -0.538296, -0.303138, -0.198632, -0.14042, ],]
