START_PARAMETERS
MAX_STEPS_MCDB =               32
MIN_STEPS_MCDB =               4
STEPS_CRUNCH_MCDB =            1
SWEEPS_MCDB =                  100
TOTAL_STEP_CHANGES =                  6
MCBB_SECONDARY =                  1
SWEEPS_MCBB_SECONDARY =                  50
NUMBER_OF_BANGS =                  6
GROUND_E =                -1.51431
INITIAL_E =               -1.45146
j_initial =               0.503
k_initial =               0.25
b_initial =               0
j_target =                0.513
k_target =                0.031
b_target =                0
init_target_dot_squared = 0.978364
init_state = [0.289058, 0, 0.576967, 0, 0.289058, 0, 0.289058, 0, 0.576967, 0, 0.289058, 0, ]
target_state = [0.345924, 0, 0.510561, 0, 0.345924, 0, 0.345924, 0, 0.510561, 0, 0.345924, 0, ]
USE_ENERGY_DISTANCE =     false
PERIODIC =                false
UNIFORM_SITES =           true
DEVICE_DIMENSION =        2
MAX_PARAM =               1
MIN_PARAM =               0
MIN_PARAM =               0
DIAG =                    true
NUM_SEEDS =               1
NUMBER_OF_BANGS =               6
DISTANCE_LIMIT =          0.02
TAU_INIT =                0.05
MAX_TAU =                 5
TAU_SCALAR =              1.2
TAU_SCALAR_TINY =         1.1
TAU_SCALAR_BIG =          1.4
ACCEPTANCE_PROB =         0.85
TEMP_EXP_DECAY =          0.8
MIN_TEMP_FRACTION =       0.01
TEMP_DECAY_ITERATIONS =   21
ZERO_TEMP_ITREATIONS =    15
RANDOM_STATES =           3
END_PARAMETERS
##############################################################################
clock_duration  =         0.978189
tau =                     0.05
total_steps =             32
time_step =               0.0015625
best_mc_result =          0.0203211
best_mc_result_non_secondary =          0.0203217
evolved_target_dot_squared =  0.979679
distance =          0.93921
j_protocol =  [[1, 1, 1, 1, 1, 1, 1, 1, 1, 1, 1, 1, 1, 1, 1, 1, 1, 1, 1, 1, 1, 1, 1, 1, 1, 1, 1, 1, 1, 1, 1, 0, ],]
k_protocol =  [[0, 0, 0, 0, 0, 0, 0, 0, 0, 0, 0, 0, 0, 0, 0, 0, 0, 0, 0, 0, 0, 1, 1, 1, 1, 1, 1, 1, 1, 1, 1, 1, ],]
j_protocol_secondary =  [0, 0.0072406, 0.0072406, 0.00760055, 0.00760055, 0.0200357, 0.0200357, 0.0395422, 0.0395422, 0.0474387, 0.0474387, 0.0490204, ]
k_protocol_secondary =  [0.0294568, 0.0294568, 0.0328125, 0.0363343, 0.0363343, 0.037891, 0.037891, 0.0421947, 0.0421947, 0.0462719, 0.0462719, 0.05, ]
best_evolved_state = [0.285682, 0.0563259, 0.566798, 0.0957397, 0.285682, 0.0563259, 0.285682, 0.0563259, 0.566798, 0.0957397, 0.285682, 0.0563259, ]
best_mc_result_fixed_tau =   [0.0203217, ]
evolved_state_fixed_tau =   [[0.28579, 0.0556645, 0.566932, 0.0950742, 0.28579, 0.0556645, 0.28579, 0.0556645, 0.566932, 0.0950742, 0.28579, 0.0556645, ],]
##############################################################################
clock_duration  =         3.46453
tau =                     0.055625
total_steps =             32
time_step =               0.004375
best_mc_result =          0.0200156
best_mc_result_non_secondary =          0
evolved_target_dot_squared =  0.979984
distance =          0.925089
j_protocol =  [[0, 0, 0, 0, 0, 0, 0, 0, 0, 0, 0, 0, 0, 0, 0, 0, 0, 0, 0, 0, 0, 0, 0, 0, 0, 0, 0, 0, 0, 0, 0, 0, ],]
k_protocol =  [[0, 0, 0, 0, 0, 0, 0, 0, 0, 0, 0, 0, 0, 0, 0, 0, 0, 0, 0, 0, 0, 0, 0, 0, 0, 0, 0, 0, 0, 0, 0, 0, ],]
j_protocol_secondary =  [0, 0.016559, 0.016559, 0.0193425, 0.0193425, 0.0247385, 0.0247385, 0.0294175, 0.0294175, 0.048099, 0.048099, 0.0545405, ]
k_protocol_secondary =  [9.52819e-05, 9.52819e-05, 0.00211411, 0.00211411, 0.008828, 0.008828, 0.0155792, 0.0155792, 0.0308016, 0.0308016, 0.0365271, 0.055625, ]
best_evolved_state = [0.284884, 0.0626054, 0.564396, 0.106304, 0.284884, 0.0626054, 0.284884, 0.0626054, 0.564396, 0.106304, 0.284884, 0.0626054, ]
best_mc_result_fixed_tau =   [0.0125857, ]
evolved_state_fixed_tau =   [[0.263901, 0.151522, 0.499809, 0.254924, 0.263901, 0.151522, 0.263901, 0.151522, 0.499809, 0.254924, 0.263901, 0.151522, ],]
