START_PARAMETERS
MAX_STEPS_MCDB =               64
MIN_STEPS_MCDB =               4
STEPS_CRUNCH_MCDB =            1
SWEEPS_MCDB =                  100
TOTAL_STEP_CHANGES =                  7
MCBB_SECONDARY =                  1
SWEEPS_MCBB_SECONDARY =                  150
NUMBER_OF_BANGS =                  5
GROUND_E =                -2.08628
INITIAL_E =               -2.06151
j_initial =               0.067
k_initial =               0.5
b_initial =               0
j_target =                0.15
k_target =                0.5
b_target =                0
init_target_dot_squared = 0.988599
init_state = [-0.0467525, 0, -0.704009, 0, -0.0467525, 0, -0.0467525, 0, -0.704009, 0, -0.0467525, 0, ]
target_state = [-0.0996402, 0, -0.692924, 0, -0.0996402, 0, -0.0996402, 0, -0.692924, 0, -0.0996402, 0, ]
USE_ENERGY_DISTANCE =     false
PERIODIC =                false
UNIFORM_SITES =           true
DEVICE_DIMENSION =        2
MAX_PARAM =               1
MIN_PARAM =               0
MIN_PARAM =               0
DIAG =                    true
NUM_SEEDS =               1
DISTANCE_LIMIT =          0.01
TAU_INIT =                0.05
MAX_TAU =                 3
TAU_SCALAR =              1.15
TAU_SCALAR_TINY =         1.05
TAU_SCALAR_BIG =          1.3
ACCEPTANCE_PROB =         0.55
TEMP_EXP_DECAY =          0.8
MIN_TEMP_FRACTION =       0.01
TEMP_DECAY_ITERATIONS =   21
ZERO_TEMP_ITREATIONS =    15
RANDOM_STATES =           3
INIT_OVERLAP_LIMIT =      0.99999
END_PARAMETERS
##############################################################################
clock_duration  =         1.2915
tau =                     0.05
total_steps =             16
time_step =               0.003125
best_mc_result =          0.0107406
evolved_target_dot_squared =  0.989259
best_evolved_state = [-0.0463716, -0.0178, -0.689938, -0.138025, -0.0463716, -0.0178, -0.0463716, -0.0178, -0.689938, -0.138025, -0.0463716, -0.0178, ]
distance =          0.942033
j_protocol =  [[1, 1, 1, 1, 0, 0, 0, 0, 0, 0, 0, 0, 0, 0, 0, 0, ],]
k_protocol =  [[1, 1, 1, 1, 1, 1, 1, 1, 1, 1, 1, 1, 1, 1, 1, 1, ],]
j_protocol_secondary =  [0, 0.00814549, 0.00814549, 0.0126486, 0.0141309, 0.0141309, 0.0473601, 0.0473601, 0.0499871, 0.0499871, ]
k_protocol_secondary =  [0.00148078, 0.0115828, 0.0115828, 0.0242487, 0.0242487, 0.0372153, 0.0372153, 0.0478738, 0.0478738, 0.05, ]
best_mc_result_fixed_tau =   [0.0107444, ]
evolved_state_fixed_tau =   [[-0.0462835, -0.0175887, -0.689136, -0.142086, -0.0462835, -0.0175887, -0.0462835, -0.0175887, -0.689136, -0.142086, -0.0462835, -0.0175887, ],]
##############################################################################
clock_duration  =         2.59094
tau =                     0.13
total_steps =             16
time_step =               0.008125
best_mc_result =          0.00736151
evolved_target_dot_squared =  0.992638
best_evolved_state = [-0.0442849, -0.0452261, -0.610917, -0.344626, -0.0442849, -0.0452261, -0.0442849, -0.0452261, -0.610917, -0.344626, -0.0442849, -0.0452261, ]
distance =          0.645662
j_protocol =  [[1, 1, 1, 1, 0, 0, 0, 0, 0, 0, 0, 0, 0, 0, 0, 0, ],]
k_protocol =  [[1, 1, 1, 1, 1, 1, 1, 1, 1, 1, 1, 1, 1, 1, 1, 1, ],]
j_protocol_secondary =  [0, 0.0211783, 0.0211783, 0.032232, 0.0367403, 0.0367403, 0.123136, 0.123136, 0.129966, 0.129966, ]
k_protocol_secondary =  [0.00378107, 0.0301154, 0.0301154, 0.0630466, 0.0630466, 0.0967597, 0.0967597, 0.124472, 0.124472, 0.13, ]
best_mc_result_fixed_tau =   [0.00737777, ]
evolved_state_fixed_tau =   [[-0.0435894, -0.045559, -0.605647, -0.353893, -0.0435894, -0.045559, -0.0435894, -0.045559, -0.605647, -0.353893, -0.0435894, -0.045559, ],]
