START_PARAMETERS
MAX_STEPS_MCDB =               64
MIN_STEPS_MCDB =               4
STEPS_CRUNCH_MCDB =            1
SWEEPS_MCDB =                  100
TOTAL_STEP_CHANGES =                  7
MCBB_SECONDARY =                  1
SWEEPS_MCBB_SECONDARY =                  150
NUMBER_OF_BANGS =                  5
GROUND_E =                -2.01856
INITIAL_E =               -1.97264
j_initial =               0.911
k_initial =               0.5
b_initial =               0
j_target =                0.619
k_target =                0.125
b_target =                0
init_target_dot_squared = 0.987019
init_state = [0.282444, 0, 0.583481, 0, 0.282444, 0, 0.282444, 0, 0.583481, 0, 0.282444, 0, ]
target_state = [0.327613, 0, 0.534172, 0, 0.327613, 0, 0.327613, 0, 0.534172, 0, 0.327613, 0, ]
USE_ENERGY_DISTANCE =     false
PERIODIC =                false
UNIFORM_SITES =           true
DEVICE_DIMENSION =        2
MAX_PARAM =               1
MIN_PARAM =               0
MIN_PARAM =               0
DIAG =                    true
NUM_SEEDS =               1
DISTANCE_LIMIT =          0.01
TAU_INIT =                0.05
MAX_TAU =                 3
TAU_SCALAR =              1.15
TAU_SCALAR_TINY =         1.05
TAU_SCALAR_BIG =          1.3
ACCEPTANCE_PROB =         0.55
TEMP_EXP_DECAY =          0.8
MIN_TEMP_FRACTION =       0.01
TEMP_DECAY_ITERATIONS =   21
ZERO_TEMP_ITREATIONS =    15
RANDOM_STATES =           3
INIT_OVERLAP_LIMIT =      0.99999
END_PARAMETERS
##############################################################################
clock_duration  =         1.42986
tau =                     0.05
total_steps =             16
time_step =               0.003125
best_mc_result =          0.0119465
evolved_target_dot_squared =  0.988053
best_evolved_state = [0.279356, 0.05425, 0.573029, 0.0983432, 0.279356, 0.05425, 0.279356, 0.05425, 0.573029, 0.0983432, 0.279356, 0.05425, ]
distance =          0.920288
j_protocol =  [[1, 1, 1, 1, 1, 1, 1, 1, 1, 1, 1, 1, 1, 1, 1, 0, ],]
k_protocol =  [[0, 0, 0, 0, 0, 0, 0, 0, 0, 0, 1, 1, 1, 1, 1, 1, ],]
j_protocol_secondary =  [0, 0.00814549, 0.00814549, 0.0141309, 0.0141309, 0.046673, 0.0473601, 0.0473601, 0.0499871, 0.0499871, ]
k_protocol_secondary =  [0.0115828, 0.0115828, 0.0242487, 0.0242487, 0.0301808, 0.0372153, 0.0372153, 0.0478738, 0.0478738, 0.05, ]
best_mc_result_fixed_tau =   [0.0119526, ]
evolved_state_fixed_tau =   [[0.2794, 0.0544893, 0.573321, 0.0961037, 0.2794, 0.0544893, 0.2794, 0.0544893, 0.573321, 0.0961037, 0.2794, 0.0544893, ],]
##############################################################################
clock_duration  =         2.73846
tau =                     0.13
total_steps =             16
time_step =               0.008125
best_mc_result =          0.00689345
evolved_target_dot_squared =  0.993107
best_evolved_state = [0.262035, 0.1379, 0.514684, 0.244423, 0.262035, 0.1379, 0.262035, 0.1379, 0.514684, 0.244423, 0.262035, 0.1379, ]
distance =          0.531029
j_protocol =  [[1, 1, 1, 1, 1, 1, 1, 1, 1, 1, 1, 1, 1, 1, 1, 0, ],]
k_protocol =  [[0, 0, 0, 0, 0, 0, 0, 0, 0, 0, 1, 1, 1, 1, 1, 1, ],]
j_protocol_secondary =  [0, 0.0211783, 0.0211783, 0.0367403, 0.0367403, 0.121361, 0.123136, 0.123136, 0.129966, 0.129966, ]
k_protocol_secondary =  [0.0301154, 0.0301154, 0.0630466, 0.0630466, 0.0792936, 0.0967597, 0.0967597, 0.124472, 0.124472, 0.13, ]
best_mc_result_fixed_tau =   [0.00691299, ]
evolved_state_fixed_tau =   [[0.262164, 0.138526, 0.515941, 0.240759, 0.262164, 0.138526, 0.262164, 0.138526, 0.515941, 0.240759, 0.262164, 0.138526, ],]
