START_PARAMETERS
MAX_STEPS_MCDB =               32
MIN_STEPS_MCDB =               4
STEPS_CRUNCH_MCDB =            1
SWEEPS_MCDB =                  100
TOTAL_STEP_CHANGES =                  6
MCBB_SECONDARY =                  1
SWEEPS_MCBB_SECONDARY =                  50
NUMBER_OF_BANGS =                  6
GROUND_E =                -2.01203
INITIAL_E =               -1.97131
j_initial =               0.166
k_initial =               0.5
b_initial =               0
j_target =                0.055
k_target =                0.5
b_target =                0
init_target_dot_squared = 0.979881
init_state = [-0.108863, 0, -0.690143, 0, -0.108863, 0, -0.108863, 0, -0.690143, 0, -0.108863, 0, ]
target_state = [-0.0385434, 0, -0.705003, 0, -0.0385434, 0, -0.0385434, 0, -0.705003, 0, -0.0385434, 0, ]
USE_ENERGY_DISTANCE =     false
PERIODIC =                false
UNIFORM_SITES =           true
DEVICE_DIMENSION =        2
MAX_PARAM =               1
MIN_PARAM =               0
MIN_PARAM =               0
DIAG =                    true
NUM_SEEDS =               1
NUMBER_OF_BANGS =               6
DISTANCE_LIMIT =          0.02
TAU_INIT =                0.05
MAX_TAU =                 5
TAU_SCALAR =              1.2
TAU_SCALAR_TINY =         1.1
TAU_SCALAR_BIG =          1.4
ACCEPTANCE_PROB =         0.85
TEMP_EXP_DECAY =          0.8
MIN_TEMP_FRACTION =       0.01
TEMP_DECAY_ITERATIONS =   21
ZERO_TEMP_ITREATIONS =    15
RANDOM_STATES =           3
END_PARAMETERS
##############################################################################
clock_duration  =         2.06416
tau =                     0.025
total_steps =             32
time_step =               0.0015625
best_mc_result =          0.0198786
best_mc_result_non_secondary =          0
evolved_target_dot_squared =  0.980121
distance =          0.98807
j_protocol =  [[0, 0, 0, 0, 0, 0, 0, 0, 0, 0, 0, 0, 0, 0, 0, 0, 0, 0, 0, 0, 0, 0, 0, 0, 0, 0, 0, 0, 0, 0, 0, 0, ],]
k_protocol =  [[0, 0, 0, 0, 0, 0, 0, 0, 0, 0, 0, 0, 0, 0, 0, 0, 0, 0, 0, 0, 0, 0, 0, 0, 0, 0, 0, 0, 0, 0, 0, 0, ],]
j_protocol_secondary =  [0.00518571, 0.00518571, 0.00559771, 0.00559771, 0.00856375, 0.00856375, 0.0181139, 0.0181139, 0.0182758, 0.0204802, 0.0204802, 0.025, ]
k_protocol_secondary =  [0, 0.00879941, 0.00879941, 0.010298, 0.010298, 0.012995, 0.012995, 0.0147001, 0.0147001, 0.0187481, 0.0187481, 0.02433, ]
best_evolved_state = [-0.108042, -0.00924567, -0.686721, -0.0699753, -0.108042, -0.00924567, -0.108042, -0.00924567, -0.686721, -0.0699753, -0.108042, -0.00924567, ]
best_mc_result_fixed_tau =   [0.0191726, ]
evolved_state_fixed_tau =   [[-0.105465, -0.0191165, -0.676557, -0.138905, -0.105465, -0.0191165, -0.105465, -0.0191165, -0.676557, -0.138905, -0.105465, -0.0191165, ],]
