START_PARAMETERS
MAX_STEPS_MCDB =               64
MIN_STEPS_MCDB =               4
STEPS_CRUNCH_MCDB =            1
SWEEPS_MCDB =                  100
TOTAL_STEP_CHANGES =                  7
MCBB_SECONDARY =                  1
SWEEPS_MCBB_SECONDARY =                  150
NUMBER_OF_BANGS =                  5
GROUND_E =                -2.05879
INITIAL_E =               -2.03078
j_initial =               0.037
k_initial =               0.5
b_initial =               0
j_target =                0.123
k_target =                0.5
b_target =                0
init_target_dot_squared = 0.986773
init_state = [-0.0260563, 0, -0.706146, 0, -0.0260563, 0, -0.0260563, 0, -0.706146, 0, -0.0260563, 0, ]
target_state = [-0.0833096, 0, -0.697222, 0, -0.0833096, 0, -0.0833096, 0, -0.697222, 0, -0.0833096, 0, ]
USE_ENERGY_DISTANCE =     false
PERIODIC =                false
UNIFORM_SITES =           true
DEVICE_DIMENSION =        2
MAX_PARAM =               1
MIN_PARAM =               0
MIN_PARAM =               0
DIAG =                    true
NUM_SEEDS =               1
DISTANCE_LIMIT =          0.01
TAU_INIT =                0.05
MAX_TAU =                 3
TAU_SCALAR =              1.15
TAU_SCALAR_TINY =         1.05
TAU_SCALAR_BIG =          1.3
ACCEPTANCE_PROB =         0.55
TEMP_EXP_DECAY =          0.8
MIN_TEMP_FRACTION =       0.01
TEMP_DECAY_ITERATIONS =   21
ZERO_TEMP_ITREATIONS =    15
RANDOM_STATES =           3
INIT_OVERLAP_LIMIT =      0.99999
END_PARAMETERS
##############################################################################
clock_duration  =         1.36028
tau =                     0.05
total_steps =             16
time_step =               0.003125
best_mc_result =          0.012607
evolved_target_dot_squared =  0.987393
best_evolved_state = [-0.0257818, -0.0146699, -0.691988, -0.139259, -0.0257818, -0.0146699, -0.0257818, -0.0146699, -0.691988, -0.139259, -0.0257818, -0.0146699, ]
distance =          0.953128
j_protocol =  [[1, 1, 1, 0, 0, 0, 0, 0, 0, 0, 0, 0, 0, 0, 0, 0, ],]
k_protocol =  [[1, 1, 1, 1, 1, 1, 1, 1, 1, 1, 1, 1, 1, 1, 1, 1, ],]
j_protocol_secondary =  [0, 0.00807674, 0.00807674, 0.0103913, 0.0141309, 0.0141309, 0.0473601, 0.0473601, 0.0499871, 0.0499871, ]
k_protocol_secondary =  [0.000736752, 0.0115828, 0.0115828, 0.0242487, 0.0242487, 0.0372153, 0.0372153, 0.0478738, 0.0478738, 0.05, ]
best_mc_result_fixed_tau =   [0.0126179, ]
evolved_state_fixed_tau =   [[-0.0257989, -0.0132355, -0.69165, -0.141204, -0.0257989, -0.0132355, -0.0257989, -0.0132355, -0.69165, -0.141204, -0.0257989, -0.0132355, ],]
##############################################################################
clock_duration  =         2.69717
tau =                     0.13
total_steps =             16
time_step =               0.008125
best_mc_result =          0.00937007
evolved_target_dot_squared =  0.99063
best_evolved_state = [-0.0242619, -0.0372505, -0.612234, -0.348163, -0.0242619, -0.0372505, -0.0242619, -0.0372505, -0.612234, -0.348163, -0.0242619, -0.0372505, ]
distance =          0.708405
j_protocol =  [[1, 1, 1, 0, 0, 0, 0, 0, 0, 0, 0, 0, 0, 0, 0, 0, ],]
k_protocol =  [[1, 1, 1, 1, 1, 1, 1, 1, 1, 1, 1, 1, 1, 1, 1, 1, ],]
j_protocol_secondary =  [0, 0.0211783, 0.0211783, 0.0264426, 0.0367403, 0.0367403, 0.123136, 0.123136, 0.129966, 0.129966, ]
k_protocol_secondary =  [0.00173287, 0.0301154, 0.0301154, 0.0630466, 0.0630466, 0.0967597, 0.0967597, 0.124472, 0.124472, 0.13, ]
best_mc_result_fixed_tau =   [0.00941573, ]
evolved_state_fixed_tau =   [[-0.0243189, -0.0343409, -0.610173, -0.352345, -0.0243189, -0.0343409, -0.0243189, -0.0343409, -0.610173, -0.352345, -0.0243189, -0.0343409, ],]
