START_PARAMETERS
MAX_STEPS_MCDB =               32
MIN_STEPS_MCDB =               4
STEPS_CRUNCH_MCDB =            1
SWEEPS_MCDB =                  100
TOTAL_STEP_CHANGES =                  6
MCBB_SECONDARY =                  1
SWEEPS_MCBB_SECONDARY =                  50
NUMBER_OF_BANGS =                  6
GROUND_E =                -2.85409
INITIAL_E =               -2.77702
j_initial =               0.614
k_initial =               0.25
b_initial =               0
j_target =                0.552
k_target =                0.5
b_target =                0
init_target_dot_squared = 0.979217
init_state = [0.300693, 0, 0.564949, 0, 0.300693, 0, 0.300693, 0, 0.564949, 0, 0.300693, 0, ]
target_state = [-0.239961, 0, -0.620353, 0, -0.239961, 0, -0.239961, 0, -0.620353, 0, -0.239961, 0, ]
USE_ENERGY_DISTANCE =     false
PERIODIC =                false
UNIFORM_SITES =           true
DEVICE_DIMENSION =        2
MAX_PARAM =               1
MIN_PARAM =               0
MIN_PARAM =               0
DIAG =                    true
NUM_SEEDS =               2
DISTANCE_LIMIT =          0.02
TAU_INIT =                0.05
MAX_TAU =                 5
TAU_SCALAR =              1.2
TAU_SCALAR_TINY =         1.1
TAU_SCALAR_BIG =          1.4
ACCEPTANCE_PROB =         0.85
TEMP_EXP_DECAY =          0.8
MIN_TEMP_FRACTION =       0.01
TEMP_DECAY_ITERATIONS =   21
ZERO_TEMP_ITREATIONS =    15
RANDOM_STATES =           3
END_PARAMETERS
##############################################################################
clock_duration  =         3.69196
tau =                     0.0375
total_steps =             32
time_step =               0.0015625
best_mc_result =          0.0198902
best_mc_result_non_secondary =          0.0192108
evolved_target_dot_squared =  0.98011
distance =          0.957032
j_protocol =  [[0, 0, 0, 0, 0, 1, 1, 1, 1, 1, 1, 1, 1, 1, 1, 1, 1, 1, 1, 1, 1, 1, 1, 1, 1, 1, 1, 1, 1, 1, 1, 1, ],[0, 0, 0, 0, 0, 1, 1, 1, 1, 1, 1, 1, 1, 1, 1, 1, 1, 1, 1, 1, 1, 1, 1, 1, 1, 1, 1, 1, 1, 1, 1, 1, ],]
k_protocol =  [[1, 1, 1, 1, 1, 1, 1, 1, 1, 1, 1, 1, 1, 1, 1, 1, 1, 1, 0, 0, 0, 0, 0, 0, 0, 0, 0, 0, 0, 0, 0, 0, ],[1, 1, 1, 1, 1, 1, 1, 1, 1, 1, 1, 1, 1, 1, 1, 1, 1, 1, 0, 0, 0, 0, 0, 0, 0, 0, 0, 0, 0, 0, 0, 0, ],]
j_protocol_secondary =  [0.0010249, 0.0010249, 0.00608961, 0.00772789, 0.00772789, 0.00825178, 0.00825178, 0.0171824, 0.0171824, 0.0373968, 0.0373968, 0.0375, ]
k_protocol_secondary =  [0, 0.00505016, 0.00505016, 0.0185559, 0.0185559, 0.0210049, 0.0267422, 0.0267422, 0.0294899, 0.0294899, 0.0325725, 0.0325725, ]
best_evolved_state = [0.297033, 0.0353281, 0.5602, 0.0849862, 0.297033, 0.0353281, 0.297033, 0.0353281, 0.5602, 0.0849862, 0.297033, 0.0353281, ]
best_mc_result_fixed_tau =   [0.0192108, 0.0192108, ]
evolved_state_fixed_tau =   [[0.294143, 0.0472764, 0.556389, 0.113673, 0.294143, 0.0472764, 0.294143, 0.0472764, 0.556389, 0.113673, 0.294143, 0.0472764, ],[0.294143, 0.0472764, 0.556389, 0.113673, 0.294143, 0.0472764, 0.294143, 0.0472764, 0.556389, 0.113673, 0.294143, 0.0472764, ],]
