START_PARAMETERS
MAX_STEPS_MCDB =               32
MIN_STEPS_MCDB =               4
STEPS_CRUNCH_MCDB =            1
SWEEPS_MCDB =                  100
TOTAL_STEP_CHANGES =                  6
MCBB_SECONDARY =                  1
SWEEPS_MCBB_SECONDARY =                  50
NUMBER_OF_BANGS =                  6
GROUND_E =                -2.37761
INITIAL_E =               -2.32124
j_initial =               0.61
k_initial =               0.5
b_initial =               0
j_target =                0.335
k_target =                0.5
b_target =                0
init_target_dot_squared = 0.979541
init_state = [-0.249636, 0, -0.61267, 0, -0.249636, 0, -0.249636, 0, -0.61267, 0, -0.249636, 0, ]
target_state = [-0.185102, 0, -0.656867, 0, -0.185102, 0, -0.185102, 0, -0.656867, 0, -0.185102, 0, ]
USE_ENERGY_DISTANCE =     false
PERIODIC =                false
UNIFORM_SITES =           true
DEVICE_DIMENSION =        2
MAX_PARAM =               1
MIN_PARAM =               0
MIN_PARAM =               0
DIAG =                    true
NUM_SEEDS =               1
NUMBER_OF_BANGS =               6
DISTANCE_LIMIT =          0.02
TAU_INIT =                0.05
MAX_TAU =                 5
TAU_SCALAR =              1.2
TAU_SCALAR_TINY =         1.1
TAU_SCALAR_BIG =          1.4
ACCEPTANCE_PROB =         0.85
TEMP_EXP_DECAY =          0.8
MIN_TEMP_FRACTION =       0.01
TEMP_DECAY_ITERATIONS =   21
ZERO_TEMP_ITREATIONS =    15
RANDOM_STATES =           3
END_PARAMETERS
##############################################################################
clock_duration  =         2.04364
tau =                     0.025
total_steps =             32
time_step =               0.0015625
best_mc_result =          0.0200593
best_mc_result_non_secondary =          0
evolved_target_dot_squared =  0.979941
distance =          0.980454
j_protocol =  [[0, 0, 0, 0, 0, 0, 0, 0, 0, 0, 0, 0, 0, 0, 0, 0, 0, 0, 0, 0, 0, 0, 0, 0, 0, 0, 0, 0, 0, 0, 0, 0, ],]
k_protocol =  [[0, 0, 0, 0, 0, 0, 0, 0, 0, 0, 0, 0, 0, 0, 0, 0, 0, 0, 0, 0, 0, 0, 0, 0, 0, 0, 0, 0, 0, 0, 0, 0, ],]
j_protocol_secondary =  [0.0024325, 0.0024325, 0.00823741, 0.00877286, 0.00877286, 0.0185631, 0.0185631, 0.0188386, 0.0188386, 0.0206401, 0.0206401, 0.025, ]
k_protocol_secondary =  [0, 0.00697753, 0.00697753, 0.00954174, 0.00954174, 0.0116972, 0.0116972, 0.0124017, 0.0124017, 0.0134668, 0.0134668, 0.0182702, ]
best_evolved_state = [-0.248102, -0.020488, -0.610146, -0.0614235, -0.248102, -0.020488, -0.248102, -0.020488, -0.610146, -0.0614235, -0.248102, -0.020488, ]
best_mc_result_fixed_tau =   [0.0188892, ]
evolved_state_fixed_tau =   [[-0.243335, -0.0416857, -0.601964, -0.125459, -0.243335, -0.0416857, -0.243335, -0.0416857, -0.601964, -0.125459, -0.243335, -0.0416857, ],]
