START_PARAMETERS
MAX_STEPS_MCDB =               32
MIN_STEPS_MCDB =               4
STEPS_CRUNCH_MCDB =            1
SWEEPS_MCDB =                  100
TOTAL_STEP_CHANGES =                  6
MCBB_SECONDARY =                  1
SWEEPS_MCBB_SECONDARY =                  50
NUMBER_OF_BANGS =                  6
GROUND_E =                -3.76394
INITIAL_E =               -3.64567
j_initial =               0.452
k_initial =               0.5
b_initial =               0
j_target =                0.911
k_target =                0.5
b_target =                0
init_target_dot_squared = 0.978605
init_state = [-0.219058, 0, -0.635631, 0, -0.219058, 0, -0.219058, 0, -0.635631, 0, -0.219058, 0, ]
target_state = [0.282444, 0, 0.583481, 0, 0.282444, 0, 0.282444, 0, 0.583481, 0, 0.282444, 0, ]
USE_ENERGY_DISTANCE =     false
PERIODIC =                false
UNIFORM_SITES =           true
DEVICE_DIMENSION =        2
MAX_PARAM =               1
MIN_PARAM =               0
MIN_PARAM =               0
DIAG =                    true
NUM_SEEDS =               2
DISTANCE_LIMIT =          0.02
TAU_INIT =                0.05
MAX_TAU =                 5
TAU_SCALAR =              1.2
TAU_SCALAR_TINY =         1.1
TAU_SCALAR_BIG =          1.4
ACCEPTANCE_PROB =         0.85
TEMP_EXP_DECAY =          0.8
MIN_TEMP_FRACTION =       0.01
TEMP_DECAY_ITERATIONS =   21
ZERO_TEMP_ITREATIONS =    15
RANDOM_STATES =           3
END_PARAMETERS
##############################################################################
clock_duration  =         3.14188
tau =                     0.04375
total_steps =             32
time_step =               0.0015625
best_mc_result =          0.020138
best_mc_result_non_secondary =          0.0197627
evolved_target_dot_squared =  0.979862
distance =          0.94127
j_protocol =  [[1, 1, 1, 1, 1, 1, 1, 1, 1, 1, 1, 1, 1, 1, 1, 1, 1, 1, 1, 1, 1, 1, 1, 1, 1, 0, 0, 0, 0, 0, 0, 0, ],[1, 1, 1, 1, 1, 1, 1, 1, 1, 1, 1, 1, 1, 1, 1, 1, 1, 1, 1, 1, 1, 1, 1, 1, 1, 0, 0, 0, 0, 0, 0, 0, ],]
k_protocol =  [[0, 0, 0, 0, 0, 0, 0, 0, 0, 0, 0, 0, 1, 1, 1, 1, 1, 1, 1, 1, 1, 1, 1, 1, 1, 1, 1, 1, 1, 1, 1, 1, ],[0, 0, 0, 0, 0, 0, 0, 0, 0, 0, 0, 0, 1, 1, 1, 1, 1, 1, 1, 1, 1, 1, 1, 1, 1, 1, 1, 1, 1, 1, 1, 1, ],]
j_protocol_secondary =  [0, 0.00173337, 0.00173337, 0.0108705, 0.0108705, 0.0109578, 0.0109578, 0.0339458, 0.0372988, 0.0372988, 0.040298, 0.040298, ]
k_protocol_secondary =  [0.0028611, 0.0028611, 0.0106647, 0.0106647, 0.014948, 0.014948, 0.0161283, 0.0230044, 0.0230044, 0.038262, 0.038262, 0.04375, ]
best_evolved_state = [-0.217245, -0.0430441, -0.626118, -0.0993998, -0.217245, -0.0430441, -0.217245, -0.0430441, -0.626118, -0.0993998, -0.217245, -0.0430441, ]
best_mc_result_fixed_tau =   [0.0197627, 0.0197627, ]
evolved_state_fixed_tau =   [[-0.216678, -0.0494925, -0.623274, -0.112833, -0.216678, -0.0494925, -0.216678, -0.0494925, -0.623274, -0.112833, -0.216678, -0.0494925, ],[-0.216678, -0.0494925, -0.623274, -0.112833, -0.216678, -0.0494925, -0.216678, -0.0494925, -0.623274, -0.112833, -0.216678, -0.0494925, ],]
