START_PARAMETERS
MAX_STEPS_MCDB =               32
MIN_STEPS_MCDB =               4
STEPS_CRUNCH_MCDB =            1
SWEEPS_MCDB =                  100
TOTAL_STEP_CHANGES =                  6
MCBB_SECONDARY =                  1
SWEEPS_MCBB_SECONDARY =                  50
NUMBER_OF_BANGS =                  6
GROUND_E =                -2.40286
INITIAL_E =               -2.31362
j_initial =               0.824
k_initial =               0.5
b_initial =               0
j_target =                0.756
k_target =                0.125
b_target =                0
init_target_dot_squared = 0.979275
init_state = [0.275158, 0, 0.590404, 0, 0.275158, 0, 0.275158, 0, 0.590404, 0, 0.275158, 0, ]
target_state = [0.332392, 0, 0.528234, 0, 0.332392, 0, 0.332392, 0, 0.528234, 0, 0.332392, 0, ]
USE_ENERGY_DISTANCE =     false
PERIODIC =                false
UNIFORM_SITES =           true
DEVICE_DIMENSION =        2
MAX_PARAM =               1
MIN_PARAM =               0
MIN_PARAM =               0
DIAG =                    true
NUM_SEEDS =               2
DISTANCE_LIMIT =          0.02
TAU_INIT =                0.05
MAX_TAU =                 5
TAU_SCALAR =              1.2
TAU_SCALAR_TINY =         1.1
TAU_SCALAR_BIG =          1.4
ACCEPTANCE_PROB =         0.85
TEMP_EXP_DECAY =          0.8
MIN_TEMP_FRACTION =       0.01
TEMP_DECAY_ITERATIONS =   21
ZERO_TEMP_ITREATIONS =    15
RANDOM_STATES =           3
END_PARAMETERS
##############################################################################
clock_duration  =         3.67917
tau =                     0.0375
total_steps =             32
time_step =               0.0015625
best_mc_result =          0.0199279
best_mc_result_non_secondary =          0.019321
evolved_target_dot_squared =  0.980072
distance =          0.961554
j_protocol =  [[1, 1, 1, 1, 1, 1, 1, 1, 1, 1, 1, 1, 1, 1, 1, 1, 1, 1, 1, 1, 1, 1, 1, 1, 1, 1, 1, 1, 1, 1, 0, 0, ],[1, 1, 1, 1, 1, 1, 1, 1, 1, 1, 1, 1, 1, 1, 1, 1, 1, 1, 1, 1, 1, 1, 1, 1, 1, 1, 1, 1, 1, 1, 0, 0, ],]
k_protocol =  [[0, 0, 0, 0, 0, 0, 0, 0, 0, 0, 0, 0, 0, 0, 0, 0, 0, 0, 0, 1, 1, 1, 1, 1, 1, 1, 1, 1, 1, 1, 1, 1, ],[0, 0, 0, 0, 0, 0, 0, 0, 0, 0, 0, 0, 0, 0, 0, 0, 0, 0, 0, 1, 1, 1, 1, 1, 1, 1, 1, 1, 1, 1, 1, 1, ],]
j_protocol_secondary =  [0, 0.000621513, 0.000621513, 0.00145513, 0.00145513, 0.0190658, 0.0190658, 0.0231284, 0.0231284, 0.0237921, 0.0237921, 0.0353081, ]
k_protocol_secondary =  [0.0170621, 0.0170621, 0.0205946, 0.0205946, 0.0219852, 0.0291053, 0.0291053, 0.0310411, 0.0310411, 0.0319438, 0.0319438, 0.0375, ]
best_evolved_state = [0.273369, 0.0415948, 0.584312, 0.0752176, 0.273369, 0.0415948, 0.273369, 0.0415948, 0.584312, 0.0752176, 0.273369, 0.0415948, ]
best_mc_result_fixed_tau =   [0.019321, 0.019321, ]
evolved_state_fixed_tau =   [[0.27205, 0.0551265, 0.579756, 0.0989045, 0.27205, 0.0551265, 0.27205, 0.0551265, 0.579756, 0.0989045, 0.27205, 0.0551265, ],[0.27205, 0.0551265, 0.579756, 0.0989045, 0.27205, 0.0551265, 0.27205, 0.0551265, 0.579756, 0.0989045, 0.27205, 0.0551265, ],]
