START_PARAMETERS
MAX_STEPS_MCDB =               64
MIN_STEPS_MCDB =               4
STEPS_CRUNCH_MCDB =            1
SWEEPS_MCDB =                  100
TOTAL_STEP_CHANGES =                  7
MCBB_SECONDARY =                  1
SWEEPS_MCBB_SECONDARY =                  150
NUMBER_OF_BANGS =                  5
GROUND_E =                -2.15018
INITIAL_E =               -2.11132
j_initial =               0.61
k_initial =               0.5
b_initial =               0
j_target =                0.556
k_target =                0.25
b_target =                0
init_target_dot_squared = 0.988226
init_state = [-0.249636, 0, -0.61267, 0, -0.249636, 0, -0.249636, 0, -0.61267, 0, -0.249636, 0, ]
target_state = [0.29517, 0, 0.570745, 0, 0.29517, 0, 0.29517, 0, 0.570745, 0, 0.29517, 0, ]
USE_ENERGY_DISTANCE =     false
PERIODIC =                false
UNIFORM_SITES =           true
DEVICE_DIMENSION =        2
MAX_PARAM =               1
MIN_PARAM =               0
MIN_PARAM =               0
DIAG =                    true
NUM_SEEDS =               1
DISTANCE_LIMIT =          0.01
TAU_INIT =                0.05
MAX_TAU =                 3
TAU_SCALAR =              1.15
TAU_SCALAR_TINY =         1.05
TAU_SCALAR_BIG =          1.3
ACCEPTANCE_PROB =         0.55
TEMP_EXP_DECAY =          0.8
MIN_TEMP_FRACTION =       0.01
TEMP_DECAY_ITERATIONS =   21
ZERO_TEMP_ITREATIONS =    15
RANDOM_STATES =           3
INIT_OVERLAP_LIMIT =      0.99999
END_PARAMETERS
##############################################################################
clock_duration  =         2.23862
tau =                     0.05
total_steps =             16
time_step =               0.003125
best_mc_result =          0.0106611
evolved_target_dot_squared =  0.989339
best_evolved_state = [-0.247061, -0.0507516, -0.601063, -0.107205, -0.247061, -0.0507516, -0.247061, -0.0507516, -0.601063, -0.107205, -0.247061, -0.0507516, ]
distance =          0.905476
j_protocol =  [[1, 1, 1, 1, 1, 1, 1, 1, 1, 1, 1, 1, 1, 1, 0, 0, ],]
k_protocol =  [[0, 0, 0, 0, 0, 0, 0, 1, 1, 1, 1, 1, 1, 1, 1, 1, ],]
j_protocol_secondary =  [0, 0.00814549, 0.00814549, 0.0141309, 0.0141309, 0.0415645, 0.0473601, 0.0473601, 0.0499871, 0.0499871, ]
k_protocol_secondary =  [0.0115828, 0.0115828, 0.0228764, 0.0242487, 0.0242487, 0.0372153, 0.0372153, 0.0478738, 0.0478738, 0.05, ]
best_mc_result_fixed_tau =   [0.0106703, ]
evolved_state_fixed_tau =   [[-0.246561, -0.0533822, -0.600187, -0.111769, -0.246561, -0.0533822, -0.246561, -0.0533822, -0.600187, -0.111769, -0.246561, -0.0533822, ],]
##############################################################################
clock_duration  =         3.88182
tau =                     0.13
total_steps =             16
time_step =               0.008125
best_mc_result =          0.00538609
evolved_target_dot_squared =  0.994614
best_evolved_state = [-0.232461, -0.129378, -0.535702, -0.267339, -0.232461, -0.129378, -0.232461, -0.129378, -0.535702, -0.267339, -0.232461, -0.129378, ]
distance =          0.457454
j_protocol =  [[1, 1, 1, 1, 1, 1, 1, 1, 1, 1, 1, 1, 0, 0, 0, 0, ],]
k_protocol =  [[0, 0, 0, 0, 0, 0, 0, 0, 1, 1, 1, 1, 1, 1, 1, 1, ],]
j_protocol_secondary =  [0, 0.0211783, 0.0211783, 0.0367403, 0.0367403, 0.108139, 0.123136, 0.123136, 0.129966, 0.129966, ]
k_protocol_secondary =  [0.0301154, 0.0301154, 0.0595148, 0.0630466, 0.0630466, 0.0967597, 0.0967597, 0.124472, 0.124472, 0.13, ]
best_mc_result_fixed_tau =   [0.00553894, ]
evolved_state_fixed_tau =   [[-0.237693, -0.117536, -0.546835, -0.245654, -0.237693, -0.117536, -0.237693, -0.117536, -0.546835, -0.245654, -0.237693, -0.117536, ],]
