START_PARAMETERS
MAX_STEPS_MCDB =               32
MIN_STEPS_MCDB =               4
STEPS_CRUNCH_MCDB =            1
SWEEPS_MCDB =                  100
TOTAL_STEP_CHANGES =                  6
MCBB_SECONDARY =                  1
SWEEPS_MCBB_SECONDARY =                  50
NUMBER_OF_BANGS =                  6
GROUND_E =                -1.57182
INITIAL_E =               -1.49852
j_initial =               0.824
k_initial =               0.5
b_initial =               0
j_target =                0.51
k_target =                0.062
b_target =                0
init_target_dot_squared = 0.974687
init_state = [0.275158, 0, 0.590404, 0, 0.275158, 0, 0.275158, 0, 0.590404, 0, 0.275158, 0, ]
target_state = [0.338074, 0, 0.520972, 0, 0.338074, 0, 0.338074, 0, 0.520972, 0, 0.338074, 0, ]
USE_ENERGY_DISTANCE =     false
PERIODIC =                false
UNIFORM_SITES =           true
DEVICE_DIMENSION =        2
MAX_PARAM =               1
MIN_PARAM =               0
MIN_PARAM =               0
DIAG =                    true
NUM_SEEDS =               1
NUMBER_OF_BANGS =               6
DISTANCE_LIMIT =          0.02
TAU_INIT =                0.05
MAX_TAU =                 5
TAU_SCALAR =              1.2
TAU_SCALAR_TINY =         1.1
TAU_SCALAR_BIG =          1.4
ACCEPTANCE_PROB =         0.85
TEMP_EXP_DECAY =          0.8
MIN_TEMP_FRACTION =       0.01
TEMP_DECAY_ITERATIONS =   21
ZERO_TEMP_ITREATIONS =    15
RANDOM_STATES =           3
END_PARAMETERS
##############################################################################
clock_duration  =         1.09635
tau =                     0.05
total_steps =             32
time_step =               0.0015625
best_mc_result =          0.0237383
best_mc_result_non_secondary =          0.0237475
evolved_target_dot_squared =  0.976262
distance =          0.937777
j_protocol =  [[1, 1, 1, 1, 1, 1, 1, 1, 1, 1, 1, 1, 1, 1, 1, 1, 1, 1, 1, 1, 1, 1, 1, 1, 1, 1, 1, 1, 1, 1, 1, 0, ],]
k_protocol =  [[0, 0, 0, 0, 0, 0, 0, 0, 0, 0, 0, 0, 0, 0, 0, 0, 0, 0, 1, 0, 1, 1, 1, 1, 1, 1, 1, 1, 1, 1, 1, 1, ],]
j_protocol_secondary =  [0, 0.00443954, 0.00443954, 0.00609645, 0.00609645, 0.0207612, 0.0207612, 0.0395338, 0.0395338, 0.0404181, 0.0404181, 0.0478095, ]
k_protocol_secondary =  [0.00158088, 0.00158088, 0.00273175, 0.00273175, 0.028425, 0.028425, 0.0298103, 0.0382774, 0.0382774, 0.0395592, 0.0395592, 0.05, ]
best_evolved_state = [0.271886, 0.0562128, 0.579577, 0.0996324, 0.271886, 0.0562128, 0.271886, 0.0562128, 0.579577, 0.0996324, 0.271886, 0.0562128, ]
best_mc_result_fixed_tau =   [0.0237475, ]
evolved_state_fixed_tau =   [[0.271744, 0.0569402, 0.579401, 0.100602, 0.271744, 0.0569402, 0.271744, 0.0569402, 0.579401, 0.100602, 0.271744, 0.0569402, ],]
##############################################################################
clock_duration  =         2.62319
tau =                     0.095
total_steps =             32
time_step =               0.004375
best_mc_result =          0.0198972
best_mc_result_non_secondary =          0
evolved_target_dot_squared =  0.980103
distance =          0.786036
j_protocol =  [[0, 0, 0, 0, 0, 0, 0, 0, 0, 0, 0, 0, 0, 0, 0, 0, 0, 0, 0, 0, 0, 0, 0, 0, 0, 0, 0, 0, 0, 0, 0, 0, ],]
k_protocol =  [[0, 0, 0, 0, 0, 0, 0, 0, 0, 0, 0, 0, 0, 0, 0, 0, 0, 0, 0, 0, 0, 0, 0, 0, 0, 0, 0, 0, 0, 0, 0, 0, ],]
j_protocol_secondary =  [0, 0.032356, 0.032356, 0.0358246, 0.0358246, 0.0526085, 0.0526085, 0.0669264, 0.0669264, 0.0748958, 0.0748958, 0.0908444, ]
k_protocol_secondary =  [0.0175711, 0.0175711, 0.0312552, 0.0312552, 0.0393987, 0.0393987, 0.0569006, 0.0663578, 0.0663578, 0.0706206, 0.0706206, 0.095, ]
best_evolved_state = [0.263476, 0.105629, 0.551782, 0.185427, 0.263476, 0.105629, 0.263476, 0.105629, 0.551782, 0.185427, 0.263476, 0.105629, ]
best_mc_result_fixed_tau =   [0.0144859, ]
evolved_state_fixed_tau =   [[0.249031, 0.154614, 0.505858, 0.268821, 0.249031, 0.154614, 0.249031, 0.154614, 0.505858, 0.268821, 0.249031, 0.154614, ],]
