START_PARAMETERS
MAX_STEPS_MCDB =               32
MIN_STEPS_MCDB =               4
STEPS_CRUNCH_MCDB =            1
SWEEPS_MCDB =                  100
TOTAL_STEP_CHANGES =                  6
MCBB_SECONDARY =                  1
SWEEPS_MCBB_SECONDARY =                  50
NUMBER_OF_BANGS =                  6
GROUND_E =                -3.76394
INITIAL_E =               -3.64645
j_initial =               0.564
k_initial =               0.062
b_initial =               0
j_target =                0.911
k_target =                0.5
b_target =                0
init_target_dot_squared = 0.978745
init_state = [0.339577, 0, 0.519013, 0, 0.339577, 0, 0.339577, 0, 0.519013, 0, 0.339577, 0, ]
target_state = [0.282444, 0, 0.583481, 0, 0.282444, 0, 0.282444, 0, 0.583481, 0, 0.282444, 0, ]
USE_ENERGY_DISTANCE =     false
PERIODIC =                false
UNIFORM_SITES =           true
DEVICE_DIMENSION =        2
MAX_PARAM =               1
MIN_PARAM =               0
MIN_PARAM =               0
DIAG =                    true
NUM_SEEDS =               1
NUMBER_OF_BANGS =               6
DISTANCE_LIMIT =          0.02
TAU_INIT =                0.05
MAX_TAU =                 5
TAU_SCALAR =              1.2
TAU_SCALAR_TINY =         1.1
TAU_SCALAR_BIG =          1.4
ACCEPTANCE_PROB =         0.85
TEMP_EXP_DECAY =          0.8
MIN_TEMP_FRACTION =       0.01
TEMP_DECAY_ITERATIONS =   21
ZERO_TEMP_ITREATIONS =    15
RANDOM_STATES =           3
END_PARAMETERS
##############################################################################
clock_duration  =         2.53043
tau =                     0.046875
total_steps =             32
time_step =               0.0015625
best_mc_result =          0.0200522
best_mc_result_non_secondary =          0
evolved_target_dot_squared =  0.979948
distance =          0.943412
j_protocol =  [[0, 0, 0, 0, 0, 0, 0, 0, 0, 0, 0, 0, 0, 0, 0, 0, 0, 0, 0, 0, 0, 0, 0, 0, 0, 0, 0, 0, 0, 0, 0, 0, ],]
k_protocol =  [[0, 0, 0, 0, 0, 0, 0, 0, 0, 0, 0, 0, 0, 0, 0, 0, 0, 0, 0, 0, 0, 0, 0, 0, 0, 0, 0, 0, 0, 0, 0, 0, ],]
j_protocol_secondary =  [0.00175687, 0.00437432, 0.00437432, 0.0108007, 0.0108007, 0.0224407, 0.0224407, 0.0377916, 0.0377916, 0.0400451, 0.0400451, 0.046875, ]
k_protocol_secondary =  [0, 0.0176925, 0.018355, 0.018355, 0.024118, 0.024118, 0.0298057, 0.0298057, 0.0343703, 0.0343703, 0.043324, 0.043324, ]
best_evolved_state = [0.334038, 0.0465683, 0.512814, 0.0975775, 0.334038, 0.0465683, 0.334038, 0.0465683, 0.512814, 0.0975775, 0.334038, 0.0465683, ]
best_mc_result_fixed_tau =   [0.0198899, ]
evolved_state_fixed_tau =   [[0.33325, 0.0499539, 0.511902, 0.104185, 0.33325, 0.0499539, 0.33325, 0.0499539, 0.511902, 0.104185, 0.33325, 0.0499539, ],]
