START_PARAMETERS
MAX_STEPS_MCDB =               32
MIN_STEPS_MCDB =               4
STEPS_CRUNCH_MCDB =            1
SWEEPS_MCDB =                  100
TOTAL_STEP_CHANGES =                  6
MCBB_SECONDARY =                  1
SWEEPS_MCBB_SECONDARY =                  50
NUMBER_OF_BANGS =                  6
GROUND_E =                -3.5361
INITIAL_E =               -3.43098
j_initial =               0.756
k_initial =               0.125
b_initial =               0
j_target =                0.824
k_target =                0.5
b_target =                0
init_target_dot_squared = 0.979275
init_state = [0.332392, 0, 0.528234, 0, 0.332392, 0, 0.332392, 0, 0.528234, 0, 0.332392, 0, ]
target_state = [0.275158, 0, 0.590404, 0, 0.275158, 0, 0.275158, 0, 0.590404, 0, 0.275158, 0, ]
USE_ENERGY_DISTANCE =     false
PERIODIC =                false
UNIFORM_SITES =           true
DEVICE_DIMENSION =        2
MAX_PARAM =               1
MIN_PARAM =               0
MIN_PARAM =               0
DIAG =                    true
NUM_SEEDS =               1
NUMBER_OF_BANGS =               6
DISTANCE_LIMIT =          0.02
TAU_INIT =                0.05
MAX_TAU =                 5
TAU_SCALAR =              1.2
TAU_SCALAR_TINY =         1.1
TAU_SCALAR_BIG =          1.4
ACCEPTANCE_PROB =         0.85
TEMP_EXP_DECAY =          0.8
MIN_TEMP_FRACTION =       0.01
TEMP_DECAY_ITERATIONS =   21
ZERO_TEMP_ITREATIONS =    15
RANDOM_STATES =           3
END_PARAMETERS
##############################################################################
clock_duration  =         2.57405
tau =                     0.0375
total_steps =             32
time_step =               0.0015625
best_mc_result =          0.0199279
best_mc_result_non_secondary =          0
evolved_target_dot_squared =  0.980072
distance =          0.961554
j_protocol =  [[0, 0, 0, 0, 0, 0, 0, 0, 0, 0, 0, 0, 0, 0, 0, 0, 0, 0, 0, 0, 0, 0, 0, 0, 0, 0, 0, 0, 0, 0, 0, 0, ],]
k_protocol =  [[0, 0, 0, 0, 0, 0, 0, 0, 0, 0, 0, 0, 0, 0, 0, 0, 0, 0, 0, 0, 0, 0, 0, 0, 0, 0, 0, 0, 0, 0, 0, 0, ],]
j_protocol_secondary =  [0.00220495, 0.00256736, 0.00256736, 0.0211638, 0.0211638, 0.0315094, 0.0315094, 0.0320454, 0.0320454, 0.0352321, 0.0352321, 0.0375, ]
k_protocol_secondary =  [0, 0.00237933, 0.00237933, 0.0132775, 0.0132775, 0.0155081, 0.0192865, 0.0192865, 0.0213043, 0.0213043, 0.0297881, 0.0297881, ]
best_evolved_state = [0.328802, 0.0371463, 0.524122, 0.0794639, 0.328802, 0.0371463, 0.328802, 0.0371463, 0.524122, 0.0794639, 0.328802, 0.0371463, ]
best_mc_result_fixed_tau =   [0.019321, ]
evolved_state_fixed_tau =   [[0.326088, 0.0491948, 0.521085, 0.104707, 0.326088, 0.0491948, 0.326088, 0.0491948, 0.521085, 0.104707, 0.326088, 0.0491948, ],]
