START_PARAMETERS
MAX_STEPS_MCDB =               32
MIN_STEPS_MCDB =               4
STEPS_CRUNCH_MCDB =            1
SWEEPS_MCDB =                  80
TOTAL_STEP_CHANGES =                  6
MCBB_SECONDARY =                  1
SWEEPS_MCBB_SECONDARY =                  150
NUMBER_OF_BANGS =                  4
GROUND_E =                -2.08628
INITIAL_E =               -2.04172
j_initial =               0.291
k_initial =               0.5
b_initial =               0
j_target =                0.15
k_target =                0.5
b_target =                0
init_target_dot_squared = 0.979491
init_state = [-0.168781, 0, -0.665602, 0, -0.168781, 0, -0.168781, 0, -0.665602, 0, -0.168781, 0, ]
target_state = [-0.0996402, 0, -0.692924, 0, -0.0996402, 0, -0.0996402, 0, -0.692924, 0, -0.0996402, 0, ]
USE_ENERGY_DISTANCE =     false
PERIODIC =                false
UNIFORM_SITES =           true
DEVICE_DIMENSION =        2
MAX_PARAM =               1
MIN_PARAM =               0
MIN_PARAM =               0
DIAG =                    true
NUM_SEEDS =               2
NUMBER_OF_BANGS =               4
DISTANCE_LIMIT =          0.02
TAU_INIT =                0.05
MAX_TAU =                 5
TAU_SCALAR =              1.2
TAU_SCALAR_TINY =         1.1
TAU_SCALAR_BIG =          1.3
ACCEPTANCE_PROB =         0.85
TEMP_EXP_DECAY =          0.8
MIN_TEMP_FRACTION =       0.01
TEMP_DECAY_ITERATIONS =   21
ZERO_TEMP_ITREATIONS =    20
RANDOM_STATES =           3
END_PARAMETERS
##############################################################################
clock_duration  =         4.85322
tau =                     0.025
total_steps =             32
time_step =               0.0015625
best_mc_result =          0.0201781
best_mc_result_non_secondary =          0
evolved_target_dot_squared =  0.979822
distance =          0.983883
j_protocol =  [[0, 0, 0, 0, 0, 0, 0, 0, 0, 0, 0, 0, 0, 0, 0, 0, 0, 0, 0, 0, 0, 0, 0, 0, 0, 0, 0, 0, 0, 0, 0, 0, ],[0, 0, 0, 0, 0, 0, 0, 0, 0, 0, 0, 0, 0, 0, 0, 0, 0, 0, 0, 0, 0, 0, 0, 0, 0, 0, 0, 0, 0, 0, 0, 0, ],]
k_protocol =  [[0, 0, 0, 0, 0, 0, 0, 0, 0, 0, 0, 0, 0, 0, 0, 0, 0, 0, 0, 0, 0, 0, 0, 0, 0, 0, 0, 0, 0, 0, 0, 0, ],[0, 0, 0, 0, 0, 0, 0, 0, 0, 0, 0, 0, 0, 0, 0, 0, 0, 0, 0, 0, 0, 0, 0, 0, 0, 0, 0, 0, 0, 0, 0, 0, ],]
j_protocol_secondary =  [0.00979283, 0.00979283, 0.0114131, 0.0114131, 0.0140477, 0.0140477, 0.0142405, 0.025, ]
k_protocol_secondary =  [0, 0.0066315, 0.0066315, 0.0146707, 0.0146707, 0.0179515, 0.0179515, 0.0225116, ]
best_evolved_state = [-0.167597, -0.0142762, -0.662506, -0.067092, -0.167597, -0.0142762, -0.167597, -0.0142762, -0.662506, -0.067092, -0.167597, -0.0142762, ]
best_mc_result_fixed_tau =   [0.0192054, 0.0192054, ]
evolved_state_fixed_tau =   [[-0.163989, -0.0287404, -0.653042, -0.134533, -0.163989, -0.0287404, -0.163989, -0.0287404, -0.653042, -0.134533, -0.163989, -0.0287404, ],[-0.163989, -0.0287404, -0.653042, -0.134533, -0.163989, -0.0287404, -0.163989, -0.0287404, -0.653042, -0.134533, -0.163989, -0.0287404, ],]
