START_PARAMETERS
MAX_STEPS_MCDB =               64
MIN_STEPS_MCDB =               4
STEPS_CRUNCH_MCDB =            1
SWEEPS_MCDB =                  100
TOTAL_STEP_CHANGES =                  7
MCBB_SECONDARY =                  1
SWEEPS_MCBB_SECONDARY =                  150
NUMBER_OF_BANGS =                  5
GROUND_E =                -2.48452
INITIAL_E =               -2.4401
j_initial =               0.513
k_initial =               0.031
b_initial =               0
j_target =                0.679
k_target =                0.25
b_target =                0
init_target_dot_squared = 0.988807
init_state = [0.345924, 0, 0.510561, 0, 0.345924, 0, 0.345924, 0, 0.510561, 0, 0.345924, 0, ]
target_state = [0.305788, 0, 0.559453, 0, 0.305788, 0, 0.305788, 0, 0.559453, 0, 0.305788, 0, ]
USE_ENERGY_DISTANCE =     false
PERIODIC =                false
UNIFORM_SITES =           true
DEVICE_DIMENSION =        2
MAX_PARAM =               1
MIN_PARAM =               0
MIN_PARAM =               0
DIAG =                    true
NUM_SEEDS =               1
DISTANCE_LIMIT =          0.01
TAU_INIT =                0.05
MAX_TAU =                 3
TAU_SCALAR =              1.15
TAU_SCALAR_TINY =         1.05
TAU_SCALAR_BIG =          1.3
ACCEPTANCE_PROB =         0.55
TEMP_EXP_DECAY =          0.8
MIN_TEMP_FRACTION =       0.01
TEMP_DECAY_ITERATIONS =   21
ZERO_TEMP_ITREATIONS =    15
RANDOM_STATES =           3
INIT_OVERLAP_LIMIT =      0.99999
END_PARAMETERS
##############################################################################
clock_duration  =         1.37671
tau =                     0.05
total_steps =             16
time_step =               0.003125
best_mc_result =          0.0104212
evolved_target_dot_squared =  0.989579
best_evolved_state = [0.34014, 0.0499918, 0.504361, 0.0960758, 0.34014, 0.0499918, 0.34014, 0.0499918, 0.504361, 0.0960758, 0.34014, 0.0499918, ]
distance =          0.931048
j_protocol =  [[1, 1, 1, 1, 1, 1, 1, 1, 1, 1, 1, 1, 1, 1, 1, 1, ],]
k_protocol =  [[1, 1, 1, 1, 0, 0, 0, 0, 0, 0, 0, 0, 0, 0, 0, 0, ],]
j_protocol_secondary =  [0.000782709, 0.00814549, 0.00814549, 0.0141309, 0.0141309, 0.0473601, 0.0473601, 0.0499871, 0.0499871, 0.05, ]
k_protocol_secondary =  [0, 0.0115828, 0.0115828, 0.0139233, 0.0242487, 0.0242487, 0.0372153, 0.0372153, 0.0478738, 0.0478738, ]
best_mc_result_fixed_tau =   [0.0104334, ]
evolved_state_fixed_tau =   [[0.340245, 0.0507971, 0.504401, 0.094263, 0.340245, 0.0507971, 0.340245, 0.0507971, 0.504401, 0.094263, 0.340245, 0.0507971, ],]
##############################################################################
clock_duration  =         2.77157
tau =                     0.13
total_steps =             16
time_step =               0.008125
best_mc_result =          0.00658296
evolved_target_dot_squared =  0.993417
best_evolved_state = [0.307705, 0.126163, 0.469723, 0.241166, 0.307705, 0.126163, 0.307705, 0.126163, 0.469723, 0.241166, 0.307705, 0.126163, ]
distance =          0.588131
j_protocol =  [[1, 1, 1, 1, 1, 1, 1, 1, 1, 1, 1, 1, 1, 1, 1, 1, ],]
k_protocol =  [[1, 1, 1, 1, 0, 0, 0, 0, 0, 0, 0, 0, 0, 0, 0, 0, ],]
j_protocol_secondary =  [0.00200665, 0.0211783, 0.0211783, 0.0367403, 0.0367403, 0.123136, 0.123136, 0.129966, 0.129966, 0.13, ]
k_protocol_secondary =  [0, 0.0301154, 0.0301154, 0.0352495, 0.0630466, 0.0630466, 0.0967597, 0.0967597, 0.124472, 0.124472, ]
best_mc_result_fixed_tau =   [0.00662625, ]
evolved_state_fixed_tau =   [[0.308051, 0.128235, 0.469553, 0.238411, 0.308051, 0.128235, 0.308051, 0.128235, 0.469553, 0.238411, 0.308051, 0.128235, ],]
