START_PARAMETERS
MAX_STEPS_MCDB =               32
MIN_STEPS_MCDB =               4
STEPS_CRUNCH_MCDB =            1
SWEEPS_MCDB =                  100
TOTAL_STEP_CHANGES =                  6
MCBB_SECONDARY =                  1
SWEEPS_MCBB_SECONDARY =                  50
NUMBER_OF_BANGS =                  6
GROUND_E =                -2.18381
INITIAL_E =               -2.13469
j_initial =               0.1
k_initial =               0.5
b_initial =               0
j_target =                0.224
k_target =                0.5
b_target =                0
init_target_dot_squared = 0.979251
init_state = [-0.0686928, 0, -0.700402, 0, -0.0686928, 0, -0.0686928, 0, -0.700402, 0, -0.0686928, 0, ]
target_state = [-0.139315, 0, -0.679104, 0, -0.139315, 0, -0.139315, 0, -0.679104, 0, -0.139315, 0, ]
USE_ENERGY_DISTANCE =     false
PERIODIC =                false
UNIFORM_SITES =           true
DEVICE_DIMENSION =        2
MAX_PARAM =               1
MIN_PARAM =               0
MIN_PARAM =               0
DIAG =                    true
NUM_SEEDS =               1
NUMBER_OF_BANGS =               6
DISTANCE_LIMIT =          0.02
TAU_INIT =                0.05
MAX_TAU =                 5
TAU_SCALAR =              1.2
TAU_SCALAR_TINY =         1.1
TAU_SCALAR_BIG =          1.4
ACCEPTANCE_PROB =         0.85
TEMP_EXP_DECAY =          0.8
MIN_TEMP_FRACTION =       0.01
TEMP_DECAY_ITERATIONS =   21
ZERO_TEMP_ITREATIONS =    15
RANDOM_STATES =           3
END_PARAMETERS
##############################################################################
clock_duration  =         2.64351
tau =                     0.0375
total_steps =             32
time_step =               0.0015625
best_mc_result =          0.0200939
best_mc_result_non_secondary =          0
evolved_target_dot_squared =  0.979906
distance =          0.968443
j_protocol =  [[0, 0, 0, 0, 0, 0, 0, 0, 0, 0, 0, 0, 0, 0, 0, 0, 0, 0, 0, 0, 0, 0, 0, 0, 0, 0, 0, 0, 0, 0, 0, 0, ],]
k_protocol =  [[0, 0, 0, 0, 0, 0, 0, 0, 0, 0, 0, 0, 0, 0, 0, 0, 0, 0, 0, 0, 0, 0, 0, 0, 0, 0, 0, 0, 0, 0, 0, 0, ],]
j_protocol_secondary =  [0, 0.00207538, 0.00207538, 0.0122233, 0.0122233, 0.0130962, 0.0232309, 0.0232309, 0.0312968, 0.0312968, 0.0329716, 0.0329716, ]
k_protocol_secondary =  [0.00163069, 0.00163069, 0.00217928, 0.0155766, 0.0155766, 0.018838, 0.018838, 0.0260524, 0.0260524, 0.0273064, 0.0273064, 0.0375, ]
best_evolved_state = [-0.0683119, -0.0183354, -0.692505, -0.102136, -0.0683119, -0.0183354, -0.0683119, -0.0183354, -0.692505, -0.102136, -0.0683119, -0.0183354, ]
best_mc_result_fixed_tau =   [0.0195934, ]
evolved_state_fixed_tau =   [[-0.068058, -0.0240547, -0.686537, -0.135076, -0.068058, -0.0240547, -0.068058, -0.0240547, -0.686537, -0.135076, -0.068058, -0.0240547, ],]
