START_PARAMETERS
MAX_STEPS_MCDB =               64
MIN_STEPS_MCDB =               4
STEPS_CRUNCH_MCDB =            1
SWEEPS_MCDB =                  100
TOTAL_STEP_CHANGES =                  7
MCBB_SECONDARY =                  1
SWEEPS_MCBB_SECONDARY =                  150
NUMBER_OF_BANGS =                  5
GROUND_E =                -2.99419
INITIAL_E =               -2.94723
j_initial =               0.556
k_initial =               0.25
b_initial =               0
j_target =                0.61
k_target =                0.5
b_target =                0
init_target_dot_squared = 0.988226
init_state = [0.29517, 0, 0.570745, 0, 0.29517, 0, 0.29517, 0, 0.570745, 0, 0.29517, 0, ]
target_state = [-0.249636, 0, -0.61267, 0, -0.249636, 0, -0.249636, 0, -0.61267, 0, -0.249636, 0, ]
USE_ENERGY_DISTANCE =     false
PERIODIC =                false
UNIFORM_SITES =           true
DEVICE_DIMENSION =        2
MAX_PARAM =               1
MIN_PARAM =               0
MIN_PARAM =               0
DIAG =                    true
NUM_SEEDS =               1
DISTANCE_LIMIT =          0.01
TAU_INIT =                0.05
MAX_TAU =                 3
TAU_SCALAR =              1.15
TAU_SCALAR_TINY =         1.05
TAU_SCALAR_BIG =          1.3
ACCEPTANCE_PROB =         0.55
TEMP_EXP_DECAY =          0.8
MIN_TEMP_FRACTION =       0.01
TEMP_DECAY_ITERATIONS =   21
ZERO_TEMP_ITREATIONS =    15
RANDOM_STATES =           3
INIT_OVERLAP_LIMIT =      0.99999
END_PARAMETERS
##############################################################################
clock_duration  =         2.20061
tau =                     0.05
total_steps =             16
time_step =               0.003125
best_mc_result =          0.0106611
evolved_target_dot_squared =  0.989339
best_evolved_state = [0.288784, 0.0471672, 0.562605, 0.110605, 0.288784, 0.0471672, 0.288784, 0.0471672, 0.562605, 0.110605, 0.288784, 0.0471672, ]
distance =          0.905477
j_protocol =  [[0, 0, 1, 1, 1, 1, 1, 1, 1, 1, 1, 1, 1, 1, 1, 1, ],]
k_protocol =  [[1, 1, 1, 1, 1, 1, 1, 1, 1, 0, 0, 0, 0, 0, 0, 0, ],]
j_protocol_secondary =  [0.00625, 0.00625, 0.00835424, 0.0141309, 0.0141309, 0.0473601, 0.0473601, 0.0499871, 0.0499871, 0.05, ]
k_protocol_secondary =  [0, 0.0115828, 0.0115828, 0.0242487, 0.0242487, 0.0271693, 0.0372153, 0.0372153, 0.0478738, 0.0478738, ]
best_mc_result_fixed_tau =   [0.0106703, ]
evolved_state_fixed_tau =   [[0.288407, 0.0495227, 0.561664, 0.1152, 0.288407, 0.0495227, 0.288407, 0.0495227, 0.561664, 0.1152, 0.288407, 0.0495227, ],]
##############################################################################
clock_duration  =         4.4514
tau =                     0.13
total_steps =             16
time_step =               0.008125
best_mc_result =          0.00538593
evolved_target_dot_squared =  0.994614
best_evolved_state = [0.252861, 0.117097, 0.51706, 0.278117, 0.252861, 0.117097, 0.252861, 0.117097, 0.51706, 0.278117, 0.252861, 0.117097, ]
distance =          0.457441
j_protocol =  [[0, 0, 1, 1, 1, 1, 1, 1, 1, 1, 1, 1, 1, 1, 1, 1, ],]
k_protocol =  [[1, 1, 1, 1, 1, 1, 1, 1, 1, 0, 0, 0, 0, 0, 0, 0, ],]
j_protocol_secondary =  [0.01625, 0.01625, 0.021803, 0.0367403, 0.0367403, 0.123136, 0.123136, 0.129966, 0.129966, 0.13, ]
k_protocol_secondary =  [0, 0.0301154, 0.0301154, 0.0630466, 0.0630466, 0.0703493, 0.0967597, 0.0967597, 0.124472, 0.124472, ]
best_mc_result_fixed_tau =   [0.00543325, ]
evolved_state_fixed_tau =   [[0.250325, 0.122597, 0.510565, 0.289721, 0.250325, 0.122597, 0.250325, 0.122597, 0.510565, 0.289721, 0.250325, 0.122597, ],]
