START_PARAMETERS
MAX_STEPS_MCDB =               128
MIN_STEPS_MCDB =               8
STEPS_CRUNCH_MCDB =               1
SWEEPS_MCDB =                  150
GROUND_E =                -4.20096
INITIAL_E =               -4.19808
j_initial =               0.05
k_initial =               0.05
b_initial =               0
j_target =                0.725
k_target =                0.8
b_target =                0
init_target_dot_squared = 0.999445
init_state = [-0.22985, 0, -0.627963, 0, -0.22985, 0, -0.22985, 0, -0.627963, 0, -0.22985, 0, ]
target_state = [-0.219329, 0, -0.635444, 0, -0.219329, 0, -0.219329, 0, -0.635444, 0, -0.219329, 0, ]
PERIODIC =                false
UNIFORM_SITES =           true
DEVICE_DIMENSION =        2
MAX_PARAM =               1
MIN_PARAM =               0
MIN_PARAM =               0
DIAG =                    false
NUM_SEEDS =               4
DISTANCE_LIMIT =          0.05
TAU_INIT =                0.1
MAX_TAU =                 5
TAU_SCALAR =              1.1
TAU_SCALAR_TINY =         1.05
TAU_SCALAR_BIG =          1.2
ACCEPTANCE_PROB =         0.85
TEMP_EXP_DECAY =          0.8
TEMP_DECAY_ITERATIONS =   25
TEMP_DECAY_LIMIT =        15
RANDOM_STATES =           3
END_PARAMETERS
##############################################################################
clock_duration  =         6.93865
tau =               0.1
total_steps =       32
time_step =         0.003125
best_E =            -4.20086
evolved_target_dot_squared =   0.99998
best_evolved_state = [-0.205198, -0.0829782, -0.587675, -0.238024, -0.205198, -0.0829782, -0.205198, -0.0829782, -0.587675, -0.238024, -0.205198, -0.0829782, ]
distance =          0.0362824
j_protocol =  [[0, 0, 0, 0, 0, 0, 0, 0, 0, 0, 1, 1, 1, 1, 1, 1, 1, 1, 1, 1, 1, 1, 1, 1, 1, 1, 1, 1, 1, 1, 1, 1, ],[0, 0, 0, 0, 0, 0, 0, 1, 0, 0, 1, 0, 1, 0, 1, 1, 1, 1, 1, 1, 1, 1, 1, 1, 1, 1, 1, 1, 1, 1, 1, 1, ],[0, 0, 0, 0, 0, 0, 0, 0, 0, 0, 0, 1, 0, 1, 0, 1, 1, 1, 1, 1, 1, 1, 1, 1, 1, 1, 1, 1, 1, 1, 1, 1, ],[0, 0, 0, 0, 0, 1, 0, 0, 0, 1, 0, 1, 0, 1, 1, 1, 1, 1, 1, 1, 1, 1, 1, 1, 1, 1, 1, 1, 1, 1, 1, 1, ],]
k_protocol =  [[1, 1, 1, 1, 1, 1, 1, 1, 1, 1, 1, 1, 1, 1, 1, 1, 1, 1, 1, 1, 1, 1, 1, 0, 0, 0, 0, 0, 0, 0, 0, 0, ],[1, 1, 1, 1, 1, 1, 1, 1, 1, 1, 1, 1, 1, 1, 1, 1, 1, 1, 1, 1, 1, 0, 1, 0, 0, 0, 0, 0, 0, 0, 0, 0, ],[1, 1, 1, 1, 1, 1, 1, 1, 1, 1, 1, 1, 1, 1, 1, 1, 1, 0, 0, 1, 1, 1, 0, 0, 0, 0, 0, 0, 0, 0, 0, 0, ],[1, 1, 1, 1, 1, 1, 1, 1, 1, 1, 1, 1, 1, 1, 1, 1, 1, 1, 1, 0, 1, 1, 1, 0, 0, 0, 1, 0, 0, 0, 0, 0, ],]
b_protocol =  [[1, 1, 1, 1, 1, 1, 1, 1, 1, 1, 1, 1, 1, 1, 1, 1, 1, 1, 1, 1, 1, 1, 1, 1, 1, 1, 1, 1, 1, 1, 1, 1, ],[1, 1, 1, 1, 1, 1, 1, 1, 1, 1, 1, 1, 1, 1, 1, 1, 1, 1, 1, 1, 1, 1, 1, 1, 1, 1, 1, 1, 1, 1, 1, 1, ],[1, 1, 1, 1, 1, 1, 1, 1, 1, 1, 1, 1, 1, 1, 1, 1, 1, 1, 1, 1, 1, 1, 1, 1, 1, 1, 1, 1, 1, 1, 1, 1, ],[1, 1, 1, 1, 1, 1, 1, 1, 1, 1, 1, 1, 1, 1, 1, 1, 1, 1, 1, 1, 1, 1, 1, 1, 1, 1, 1, 1, 1, 1, 1, 1, ],]
best_E_fixed_tau =   [-4.20086, -4.20082, -4.20078, -4.20077, ]
evolved_state_fixed_tau =   [[-0.205198, -0.0829782, -0.587675, -0.238024, -0.205198, -0.0829782, -0.205198, -0.0829782, -0.587675, -0.238024, -0.205198, -0.0829782, ],[-0.206909, -0.0793804, -0.591424, -0.228018, -0.206909, -0.0793804, -0.206909, -0.0793804, -0.591424, -0.228018, -0.206909, -0.0793804, ],[-0.20985, -0.0721669, -0.59863, -0.207731, -0.20985, -0.0721669, -0.20985, -0.0721669, -0.59863, -0.207731, -0.20985, -0.0721669, ],[-0.205916, -0.0830844, -0.587132, -0.238049, -0.205916, -0.0830844, -0.205916, -0.0830844, -0.587132, -0.238049, -0.205916, -0.0830844, ],]
