START_PARAMETERS
MAX_STEPS_MCDB =               64
MIN_STEPS_MCDB =               4
STEPS_CRUNCH_MCDB =            1
SWEEPS_MCDB =                  100
TOTAL_STEP_CHANGES =                  7
MCBB_SECONDARY =                  1
SWEEPS_MCBB_SECONDARY =                  150
NUMBER_OF_BANGS =                  5
GROUND_E =                -2.15018
INITIAL_E =               -2.10122
j_initial =               0.688
k_initial =               0.062
b_initial =               0
j_target =                0.556
k_target =                0.25
b_target =                0
init_target_dot_squared = 0.985165
init_state = [0.342127, 0, 0.515653, 0, 0.342127, 0, 0.342127, 0, 0.515653, 0, 0.342127, 0, ]
target_state = [0.29517, 0, 0.570745, 0, 0.29517, 0, 0.29517, 0, 0.570745, 0, 0.29517, 0, ]
USE_ENERGY_DISTANCE =     false
PERIODIC =                false
UNIFORM_SITES =           true
DEVICE_DIMENSION =        2
MAX_PARAM =               1
MIN_PARAM =               0
MIN_PARAM =               0
DIAG =                    true
NUM_SEEDS =               1
DISTANCE_LIMIT =          0.01
TAU_INIT =                0.05
MAX_TAU =                 3
TAU_SCALAR =              1.15
TAU_SCALAR_TINY =         1.05
TAU_SCALAR_BIG =          1.3
ACCEPTANCE_PROB =         0.55
TEMP_EXP_DECAY =          0.8
MIN_TEMP_FRACTION =       0.01
TEMP_DECAY_ITERATIONS =   21
ZERO_TEMP_ITREATIONS =    15
RANDOM_STATES =           3
INIT_OVERLAP_LIMIT =      0.99999
END_PARAMETERS
##############################################################################
clock_duration  =         1.28198
tau =                     0.05
total_steps =             16
time_step =               0.003125
best_mc_result =          0.0138234
evolved_target_dot_squared =  0.986177
best_evolved_state = [0.336082, 0.0498775, 0.509066, 0.0998668, 0.336082, 0.0498775, 0.336082, 0.0498775, 0.509066, 0.0998668, 0.336082, 0.0498775, ]
distance =          0.93184
j_protocol =  [[1, 1, 1, 1, 1, 1, 1, 1, 1, 1, 1, 1, 1, 1, 1, 1, ],]
k_protocol =  [[1, 1, 1, 1, 1, 0, 0, 0, 0, 0, 0, 0, 0, 0, 0, 0, ],]
j_protocol_secondary =  [0.00135336, 0.00814549, 0.00814549, 0.0141309, 0.0141309, 0.0473601, 0.0473601, 0.0499871, 0.0499871, 0.05, ]
k_protocol_secondary =  [0, 0.0115828, 0.0115828, 0.0163808, 0.0242487, 0.0242487, 0.0372153, 0.0372153, 0.0478738, 0.0478738, ]
best_mc_result_fixed_tau =   [0.0138298, ]
evolved_state_fixed_tau =   [[0.336002, 0.0512613, 0.508841, 0.100149, 0.336002, 0.0512613, 0.336002, 0.0512613, 0.508841, 0.100149, 0.336002, 0.0512613, ],]
##############################################################################
clock_duration  =         2.63392
tau =                     0.13
total_steps =             16
time_step =               0.008125
best_mc_result =          0.00877732
evolved_target_dot_squared =  0.991223
best_evolved_state = [0.302245, 0.125493, 0.472458, 0.250166, 0.302245, 0.125493, 0.302245, 0.125493, 0.472458, 0.250166, 0.302245, 0.125493, ]
distance =          0.59168
j_protocol =  [[1, 1, 1, 1, 1, 1, 1, 1, 1, 1, 1, 1, 1, 1, 1, 1, ],]
k_protocol =  [[1, 1, 1, 1, 1, 0, 0, 0, 0, 0, 0, 0, 0, 0, 0, 0, ],]
j_protocol_secondary =  [0.003491, 0.0211783, 0.0211783, 0.0367403, 0.0367403, 0.123136, 0.123136, 0.129966, 0.129966, 0.13, ]
k_protocol_secondary =  [0, 0.0301154, 0.0301154, 0.0414551, 0.0630466, 0.0630466, 0.0967597, 0.0967597, 0.124472, 0.124472, ]
best_mc_result_fixed_tau =   [0.0087981, ]
evolved_state_fixed_tau =   [[0.301336, 0.12878, 0.470384, 0.252909, 0.301336, 0.12878, 0.301336, 0.12878, 0.470384, 0.252909, 0.301336, 0.12878, ],]
