START_PARAMETERS
MAX_STEPS_MCDB =               64
MIN_STEPS_MCDB =               4
STEPS_CRUNCH_MCDB =            1
SWEEPS_MCDB =                  100
TOTAL_STEP_CHANGES =                  7
MCBB_SECONDARY =                  1
SWEEPS_MCBB_SECONDARY =                  150
NUMBER_OF_BANGS =                  5
GROUND_E =                -2.0178
INITIAL_E =               -1.99459
j_initial =               0.15
k_initial =               0.5
b_initial =               0
j_target =                0.067
k_target =                0.5
b_target =                0
init_target_dot_squared = 0.988599
init_state = [-0.0996402, 0, -0.692924, 0, -0.0996402, 0, -0.0996402, 0, -0.692924, 0, -0.0996402, 0, ]
target_state = [-0.0467525, 0, -0.704009, 0, -0.0467525, 0, -0.0467525, 0, -0.704009, 0, -0.0467525, 0, ]
USE_ENERGY_DISTANCE =     false
PERIODIC =                false
UNIFORM_SITES =           true
DEVICE_DIMENSION =        2
MAX_PARAM =               1
MIN_PARAM =               0
MIN_PARAM =               0
DIAG =                    true
NUM_SEEDS =               1
DISTANCE_LIMIT =          0.01
TAU_INIT =                0.05
MAX_TAU =                 3
TAU_SCALAR =              1.15
TAU_SCALAR_TINY =         1.05
TAU_SCALAR_BIG =          1.3
ACCEPTANCE_PROB =         0.55
TEMP_EXP_DECAY =          0.8
MIN_TEMP_FRACTION =       0.01
TEMP_DECAY_ITERATIONS =   21
ZERO_TEMP_ITREATIONS =    15
RANDOM_STATES =           3
INIT_OVERLAP_LIMIT =      0.99999
END_PARAMETERS
##############################################################################
clock_duration  =         1.22932
tau =                     0.05
total_steps =             16
time_step =               0.003125
best_mc_result =          0.0107406
evolved_target_dot_squared =  0.989259
best_evolved_state = [-0.0965327, -0.0172807, -0.679371, -0.138637, -0.0965327, -0.0172807, -0.0965327, -0.0172807, -0.679371, -0.138637, -0.0965327, -0.0172807, ]
distance =          0.942033
j_protocol =  [[0, 0, 0, 0, 0, 0, 0, 0, 0, 0, 0, 0, 1, 1, 1, 1, ],]
k_protocol =  [[1, 1, 1, 1, 1, 1, 1, 1, 1, 1, 1, 1, 1, 1, 1, 1, ],]
j_protocol_secondary =  [0.00814549, 0.00814549, 0.0141309, 0.0141309, 0.0373339, 0.0473601, 0.0473601, 0.0499871, 0.0499871, 0.05, ]
k_protocol_secondary =  [0, 0.0115828, 0.0115828, 0.0242487, 0.0242487, 0.0372153, 0.0372153, 0.0485312, 0.05, 0.05, ]
best_mc_result_fixed_tau =   [0.0107444, ]
evolved_state_fixed_tau =   [[-0.0965628, -0.0170521, -0.678561, -0.142563, -0.0965628, -0.0170521, -0.0965628, -0.0170521, -0.678561, -0.142563, -0.0965628, -0.0170521, ],]
##############################################################################
clock_duration  =         2.5337
tau =                     0.13
total_steps =             16
time_step =               0.008125
best_mc_result =          0.00736151
evolved_target_dot_squared =  0.992638
best_evolved_state = [-0.0796664, -0.0399958, -0.603261, -0.346675, -0.0796664, -0.0399958, -0.0796664, -0.0399958, -0.603261, -0.346675, -0.0796664, -0.0399958, ]
distance =          0.645662
j_protocol =  [[0, 0, 0, 0, 0, 0, 0, 0, 0, 0, 0, 0, 1, 1, 1, 1, ],]
k_protocol =  [[1, 1, 1, 1, 1, 1, 1, 1, 1, 1, 1, 1, 1, 1, 1, 1, ],]
j_protocol_secondary =  [0.0211783, 0.0211783, 0.0367403, 0.0367403, 0.0977968, 0.123136, 0.123136, 0.129966, 0.129966, 0.13, ]
k_protocol_secondary =  [0, 0.0301154, 0.0301154, 0.0630466, 0.0630466, 0.0967597, 0.0967597, 0.126219, 0.13, 0.13, ]
best_mc_result_fixed_tau =   [0.00737777, ]
evolved_state_fixed_tau =   [[-0.0794685, -0.0403541, -0.597895, -0.355857, -0.0794685, -0.0403541, -0.0794685, -0.0403541, -0.597895, -0.355857, -0.0794685, -0.0403541, ],]
