START_PARAMETERS
MAX_STEPS_MCDB =               128
MIN_STEPS_MCDB =               8
STEPS_CRUNCH_MCDB =               1
SWEEPS_MCDB =                  150
GROUND_E =                -4.95663
INITIAL_E =               -4.95429
j_initial =               0.05
k_initial =               0.05
b_initial =               0
j_target =                0.95
k_target =                0.875
b_target =                0
init_target_dot_squared = 0.999635
init_state = [-0.22985, 0, -0.627963, 0, -0.22985, 0, -0.22985, 0, -0.627963, 0, -0.22985, 0, ]
target_state = [-0.23829, 0, -0.62164, 0, -0.23829, 0, -0.23829, 0, -0.62164, 0, -0.23829, 0, ]
PERIODIC =                false
UNIFORM_SITES =           true
DEVICE_DIMENSION =        2
MAX_PARAM =               1
MIN_PARAM =               0
MIN_PARAM =               0
DIAG =                    false
NUM_SEEDS =               4
DISTANCE_LIMIT =          0.05
TAU_INIT =                0.1
MAX_TAU =                 5
TAU_SCALAR =              1.1
TAU_SCALAR_TINY =         1.05
TAU_SCALAR_BIG =          1.2
ACCEPTANCE_PROB =         0.85
TEMP_EXP_DECAY =          0.8
TEMP_DECAY_ITERATIONS =   25
TEMP_DECAY_LIMIT =        15
RANDOM_STATES =           3
END_PARAMETERS
##############################################################################
clock_duration  =         6.89592
tau =               0.1
total_steps =       32
time_step =         0.003125
best_E =            -4.95662
evolved_target_dot_squared =   0.999998
best_evolved_state = [-0.223518, -0.0816279, -0.584782, -0.21162, -0.223518, -0.0816279, -0.223518, -0.0816279, -0.584782, -0.21162, -0.223518, -0.0816279, ]
distance =          0.00570051
j_protocol =  [[1, 1, 1, 1, 1, 1, 1, 1, 1, 1, 1, 1, 1, 1, 1, 1, 1, 1, 1, 1, 0, 0, 0, 0, 0, 0, 0, 0, 0, 1, 0, 0, ],[1, 1, 1, 1, 1, 1, 1, 1, 1, 1, 1, 1, 1, 1, 1, 1, 0, 1, 1, 0, 1, 1, 0, 0, 0, 0, 1, 1, 0, 0, 0, 0, ],[1, 1, 1, 1, 1, 1, 1, 1, 1, 1, 1, 1, 1, 1, 1, 1, 0, 1, 1, 0, 1, 0, 1, 1, 0, 1, 0, 0, 0, 0, 0, 0, ],[1, 1, 1, 1, 1, 1, 1, 1, 1, 1, 1, 1, 1, 1, 1, 1, 1, 1, 1, 1, 0, 0, 0, 0, 0, 0, 0, 0, 0, 0, 1, 0, ],]
k_protocol =  [[0, 0, 0, 0, 0, 0, 0, 0, 0, 0, 0, 0, 1, 1, 1, 1, 1, 1, 1, 1, 1, 1, 1, 1, 1, 1, 1, 1, 1, 1, 1, 1, ],[0, 0, 0, 0, 0, 0, 0, 0, 1, 1, 0, 0, 1, 0, 1, 1, 1, 1, 1, 1, 1, 1, 1, 1, 1, 1, 1, 1, 1, 1, 1, 1, ],[0, 0, 0, 0, 0, 0, 0, 0, 0, 1, 0, 1, 1, 1, 1, 1, 1, 0, 1, 1, 1, 1, 1, 1, 1, 1, 1, 1, 1, 1, 1, 1, ],[0, 0, 0, 0, 0, 0, 0, 0, 0, 0, 0, 0, 1, 1, 1, 1, 1, 1, 1, 1, 1, 1, 1, 1, 1, 1, 1, 1, 1, 1, 1, 1, ],]
b_protocol =  [[1, 1, 1, 1, 1, 1, 1, 1, 1, 1, 1, 1, 1, 1, 1, 1, 1, 1, 1, 1, 1, 1, 1, 1, 1, 1, 1, 1, 1, 1, 1, 1, ],[1, 1, 1, 1, 1, 1, 1, 1, 1, 1, 1, 1, 1, 1, 1, 1, 1, 1, 1, 1, 1, 1, 1, 1, 1, 1, 1, 1, 1, 1, 1, 1, ],[1, 1, 1, 1, 1, 1, 1, 1, 1, 1, 1, 1, 1, 1, 1, 1, 1, 1, 1, 1, 1, 1, 1, 1, 1, 1, 1, 1, 1, 1, 1, 1, ],[1, 1, 1, 1, 1, 1, 1, 1, 1, 1, 1, 1, 1, 1, 1, 1, 1, 1, 1, 1, 1, 1, 1, 1, 1, 1, 1, 1, 1, 1, 1, 1, ],]
best_E_fixed_tau =   [-4.95662, -4.95659, -4.9566, -4.95662, ]
evolved_state_fixed_tau =   [[-0.223518, -0.0816279, -0.584782, -0.21162, -0.223518, -0.0816279, -0.223518, -0.0816279, -0.584782, -0.21162, -0.223518, -0.0816279, ],[-0.221394, -0.0852675, -0.581552, -0.221867, -0.221394, -0.0852675, -0.221394, -0.0852675, -0.581552, -0.221867, -0.221394, -0.0852675, ],[-0.221582, -0.0853097, -0.581414, -0.221822, -0.221582, -0.0853097, -0.221582, -0.0853097, -0.581414, -0.221822, -0.221582, -0.0853097, ],[-0.223472, -0.0816127, -0.584817, -0.211633, -0.223472, -0.0816127, -0.223472, -0.0816127, -0.584817, -0.211633, -0.223472, -0.0816127, ],]
