START_PARAMETERS
MAX_STEPS_MCDB =               32
MIN_STEPS_MCDB =               4
STEPS_CRUNCH_MCDB =            1
SWEEPS_MCDB =                  100
TOTAL_STEP_CHANGES =                  6
MCBB_SECONDARY =                  1
SWEEPS_MCBB_SECONDARY =                  50
NUMBER_OF_BANGS =                  6
GROUND_E =                -2.26515
INITIAL_E =               -2.21157
j_initial =               0.136
k_initial =               0.5
b_initial =               0
j_target =                0.274
k_target =                0.5
b_target =                0
init_target_dot_squared = 0.978823
init_state = [-0.0912895, 0, -0.695221, 0, -0.0912895, 0, -0.0912895, 0, -0.695221, 0, -0.0912895, 0, ]
target_state = [-0.161857, 0, -0.669033, 0, -0.161857, 0, -0.161857, 0, -0.669033, 0, -0.161857, 0, ]
USE_ENERGY_DISTANCE =     false
PERIODIC =                false
UNIFORM_SITES =           true
DEVICE_DIMENSION =        2
MAX_PARAM =               1
MIN_PARAM =               0
MIN_PARAM =               0
DIAG =                    true
NUM_SEEDS =               2
DISTANCE_LIMIT =          0.02
TAU_INIT =                0.05
MAX_TAU =                 5
TAU_SCALAR =              1.2
TAU_SCALAR_TINY =         1.1
TAU_SCALAR_BIG =          1.4
ACCEPTANCE_PROB =         0.85
TEMP_EXP_DECAY =          0.8
MIN_TEMP_FRACTION =       0.01
TEMP_DECAY_ITERATIONS =   21
ZERO_TEMP_ITREATIONS =    15
RANDOM_STATES =           3
END_PARAMETERS
##############################################################################
clock_duration  =         7.37485
tau =                     0.04375
total_steps =             32
time_step =               0.0015625
best_mc_result =          0.0201839
best_mc_result_non_secondary =          0.0198855
evolved_target_dot_squared =  0.979816
distance =          0.953096
j_protocol =  [[1, 1, 1, 1, 1, 1, 1, 1, 1, 1, 1, 1, 1, 0, 0, 0, 0, 0, 0, 0, 0, 0, 0, 0, 0, 0, 0, 0, 0, 0, 0, 0, ],[1, 1, 1, 1, 1, 1, 1, 1, 1, 1, 1, 1, 1, 0, 0, 0, 0, 0, 0, 0, 0, 0, 0, 0, 0, 0, 0, 0, 0, 0, 0, 0, ],]
k_protocol =  [[0, 0, 1, 1, 1, 1, 1, 1, 1, 1, 1, 1, 1, 1, 1, 1, 1, 1, 1, 1, 1, 1, 1, 1, 1, 1, 1, 1, 1, 1, 1, 1, ],[0, 0, 0, 1, 1, 1, 1, 1, 1, 1, 1, 1, 1, 1, 1, 1, 1, 1, 1, 1, 1, 1, 1, 1, 1, 1, 1, 1, 1, 1, 1, 1, ],]
j_protocol_secondary =  [0, 0.00040295, 0.00040295, 0.00634876, 0.00634876, 0.0179348, 0.0215242, 0.0215242, 0.0251073, 0.0251073, 0.0420737, 0.0420737, ]
k_protocol_secondary =  [0.00383434, 0.00578413, 0.00578413, 0.0180877, 0.0180877, 0.0272875, 0.0272875, 0.0415474, 0.0415474, 0.0421488, 0.0421488, 0.04375, ]
best_evolved_state = [-0.0906197, -0.0249137, -0.684596, -0.11689, -0.0906197, -0.0249137, -0.0906197, -0.0249137, -0.684596, -0.11689, -0.0906197, -0.0249137, ]
best_mc_result_fixed_tau =   [0.01989, 0.0198855, ]
evolved_state_fixed_tau =   [[-0.0903183, -0.0282052, -0.680735, -0.136725, -0.0903183, -0.0282052, -0.0903183, -0.0282052, -0.680735, -0.136725, -0.0903183, -0.0282052, ],[-0.0904607, -0.0282102, -0.68154, -0.13246, -0.0904607, -0.0282102, -0.0904607, -0.0282102, -0.68154, -0.13246, -0.0904607, -0.0282102, ],]
