START_PARAMETERS
MAX_STEPS_MCDB =               64
MIN_STEPS_MCDB =               4
STEPS_CRUNCH_MCDB =            1
SWEEPS_MCDB =                  100
TOTAL_STEP_CHANGES =                  7
MCBB_SECONDARY =                  1
SWEEPS_MCBB_SECONDARY =                  150
NUMBER_OF_BANGS =                  5
GROUND_E =                -2.03923
INITIAL_E =               -2.0181
j_initial =               0.183
k_initial =               0.5
b_initial =               0
j_target =                0.1
k_target =                0.5
b_target =                0
init_target_dot_squared = 0.989835
init_state = [0.118276, 0, 0.687038, 0, 0.118276, 0, 0.118276, 0, 0.687038, 0, 0.118276, 0, ]
target_state = [-0.0686928, 0, -0.700402, 0, -0.0686928, 0, -0.0686928, 0, -0.700402, 0, -0.0686928, 0, ]
USE_ENERGY_DISTANCE =     false
PERIODIC =                false
UNIFORM_SITES =           true
DEVICE_DIMENSION =        2
MAX_PARAM =               1
MIN_PARAM =               0
MIN_PARAM =               0
DIAG =                    true
NUM_SEEDS =               1
DISTANCE_LIMIT =          0.01
TAU_INIT =                0.05
MAX_TAU =                 3
TAU_SCALAR =              1.15
TAU_SCALAR_TINY =         1.05
TAU_SCALAR_BIG =          1.3
ACCEPTANCE_PROB =         0.55
TEMP_EXP_DECAY =          0.8
MIN_TEMP_FRACTION =       0.01
TEMP_DECAY_ITERATIONS =   21
ZERO_TEMP_ITREATIONS =    15
RANDOM_STATES =           3
INIT_OVERLAP_LIMIT =      0.99999
END_PARAMETERS
##############################################################################
clock_duration  =         1.33608
tau =                     0.05
total_steps =             16
time_step =               0.003125
best_mc_result =          0.00945778
evolved_target_dot_squared =  0.990542
best_evolved_state = [0.114659, 0.0205827, 0.673914, 0.136746, 0.114659, 0.0205827, 0.114659, 0.0205827, 0.673914, 0.136746, 0.114659, 0.0205827, ]
distance =          0.930419
j_protocol =  [[0, 0, 0, 0, 0, 0, 0, 0, 0, 0, 0, 0, 1, 1, 1, 1, ],]
k_protocol =  [[1, 1, 1, 1, 1, 1, 1, 1, 1, 1, 1, 1, 1, 1, 0, 0, ],]
j_protocol_secondary =  [0.00814549, 0.00814549, 0.0141309, 0.0141309, 0.0347966, 0.0473601, 0.0473601, 0.0499871, 0.0499871, 0.05, ]
k_protocol_secondary =  [0, 0.0115828, 0.0115828, 0.0242487, 0.0242487, 0.0372153, 0.0372153, 0.04375, 0.04375, 0.0474677, ]
best_mc_result_fixed_tau =   [0.00951042, ]
evolved_state_fixed_tau =   [[0.115318, 0.0169273, 0.676085, 0.12546, 0.115318, 0.0169273, 0.115318, 0.0169273, 0.676085, 0.12546, 0.115318, 0.0169273, ],]
