START_PARAMETERS
MAX_STEPS_MCDB =               32
MIN_STEPS_MCDB =               4
STEPS_CRUNCH_MCDB =            1
SWEEPS_MCDB =                  80
TOTAL_STEP_CHANGES =                  6
MCBB_SECONDARY =                  1
SWEEPS_MCBB_SECONDARY =                  150
NUMBER_OF_BANGS =                  4
GROUND_E =                -2.04317
INITIAL_E =               -2.00077
j_initial =               0.229
k_initial =               0.5
b_initial =               0
j_target =                0.105
k_target =                0.5
b_target =                0
init_target_dot_squared = 0.979679
init_state = [-0.141721, 0, -0.678108, 0, -0.141721, 0, -0.141721, 0, -0.678108, 0, -0.141721, 0, ]
target_state = [-0.0719217, 0, -0.699753, 0, -0.0719217, 0, -0.0719217, 0, -0.699753, 0, -0.0719217, 0, ]
USE_ENERGY_DISTANCE =     false
PERIODIC =                false
UNIFORM_SITES =           true
DEVICE_DIMENSION =        2
MAX_PARAM =               1
MIN_PARAM =               0
MIN_PARAM =               0
DIAG =                    true
NUM_SEEDS =               2
NUMBER_OF_BANGS =               4
DISTANCE_LIMIT =          0.02
TAU_INIT =                0.05
MAX_TAU =                 5
TAU_SCALAR =              1.2
TAU_SCALAR_TINY =         1.1
TAU_SCALAR_BIG =          1.3
ACCEPTANCE_PROB =         0.85
TEMP_EXP_DECAY =          0.8
MIN_TEMP_FRACTION =       0.01
TEMP_DECAY_ITERATIONS =   21
ZERO_TEMP_ITREATIONS =    20
RANDOM_STATES =           3
END_PARAMETERS
##############################################################################
clock_duration  =         5.62678
tau =                     0.025
total_steps =             32
time_step =               0.0015625
best_mc_result =          0.0200278
best_mc_result_non_secondary =          0
evolved_target_dot_squared =  0.979972
distance =          0.985591
j_protocol =  [[0, 0, 0, 0, 0, 0, 0, 0, 0, 0, 0, 0, 0, 0, 0, 0, 0, 0, 0, 0, 0, 0, 0, 0, 0, 0, 0, 0, 0, 0, 0, 0, ],[0, 0, 0, 0, 0, 0, 0, 0, 0, 0, 0, 0, 0, 0, 0, 0, 0, 0, 0, 0, 0, 0, 0, 0, 0, 0, 0, 0, 0, 0, 0, 0, ],]
k_protocol =  [[0, 0, 0, 0, 0, 0, 0, 0, 0, 0, 0, 0, 0, 0, 0, 0, 0, 0, 0, 0, 0, 0, 0, 0, 0, 0, 0, 0, 0, 0, 0, 0, ],[0, 0, 0, 0, 0, 0, 0, 0, 0, 0, 0, 0, 0, 0, 0, 0, 0, 0, 0, 0, 0, 0, 0, 0, 0, 0, 0, 0, 0, 0, 0, 0, ],]
j_protocol_secondary =  [0.00374586, 0.00374586, 0.00847581, 0.00847581, 0.016092, 0.0248436, 0.0248436, 0.025, ]
k_protocol_secondary =  [0, 0.00257498, 0.00257498, 0.00417022, 0.00417022, 0.0131062, 0.0131062, 0.0234526, ]
best_evolved_state = [-0.140691, -0.0120387, -0.67485, -0.0685513, -0.140691, -0.0120387, -0.140691, -0.0120387, -0.67485, -0.0685513, -0.140691, -0.0120387, ]
best_mc_result_fixed_tau =   [0.0191666, 0.0191666, ]
evolved_state_fixed_tau =   [[-0.137739, -0.0229789, -0.665209, -0.136004, -0.137739, -0.0229789, -0.137739, -0.0229789, -0.665209, -0.136004, -0.137739, -0.0229789, ],[-0.137739, -0.0229789, -0.665209, -0.136004, -0.137739, -0.0229789, -0.137739, -0.0229789, -0.665209, -0.136004, -0.137739, -0.0229789, ],]
