START_PARAMETERS
MAX_STEPS_MCDB =               64
MIN_STEPS_MCDB =               4
STEPS_CRUNCH_MCDB =            1
SWEEPS_MCDB =                  100
TOTAL_STEP_CHANGES =                  7
MCBB_SECONDARY =                  1
SWEEPS_MCBB_SECONDARY =                  150
NUMBER_OF_BANGS =                  5
GROUND_E =                -2.12602
INITIAL_E =               -2.10312
j_initial =               0.1
k_initial =               0.5
b_initial =               0
j_target =                0.183
k_target =                0.5
b_target =                0
init_target_dot_squared = 0.989835
init_state = [-0.0686928, 0, -0.700402, 0, -0.0686928, 0, -0.0686928, 0, -0.700402, 0, -0.0686928, 0, ]
target_state = [0.118276, 0, 0.687038, 0, 0.118276, 0, 0.118276, 0, 0.687038, 0, 0.118276, 0, ]
USE_ENERGY_DISTANCE =     false
PERIODIC =                false
UNIFORM_SITES =           true
DEVICE_DIMENSION =        2
MAX_PARAM =               1
MIN_PARAM =               0
MIN_PARAM =               0
DIAG =                    true
NUM_SEEDS =               1
DISTANCE_LIMIT =          0.01
TAU_INIT =                0.05
MAX_TAU =                 3
TAU_SCALAR =              1.15
TAU_SCALAR_TINY =         1.05
TAU_SCALAR_BIG =          1.3
ACCEPTANCE_PROB =         0.55
TEMP_EXP_DECAY =          0.8
MIN_TEMP_FRACTION =       0.01
TEMP_DECAY_ITERATIONS =   21
ZERO_TEMP_ITREATIONS =    15
RANDOM_STATES =           3
INIT_OVERLAP_LIMIT =      0.99999
END_PARAMETERS
##############################################################################
clock_duration  =         1.35843
tau =                     0.05
total_steps =             16
time_step =               0.003125
best_mc_result =          0.00945779
evolved_target_dot_squared =  0.990542
best_evolved_state = [-0.0681762, -0.0213235, -0.686463, -0.136246, -0.0681762, -0.0213235, -0.0681762, -0.0213235, -0.686463, -0.136246, -0.0681762, -0.0213235, ]
distance =          0.93042
j_protocol =  [[1, 1, 1, 1, 1, 0, 0, 0, 0, 0, 0, 0, 0, 0, 0, 0, ],]
k_protocol =  [[0, 1, 1, 1, 1, 1, 1, 1, 1, 1, 1, 1, 1, 1, 1, 1, ],]
j_protocol_secondary =  [0, 0.00814549, 0.00814549, 0.0139528, 0.0139528, 0.0152334, 0.0473601, 0.0473601, 0.0499871, 0.0499871, ]
k_protocol_secondary =  [0.00251631, 0.0115828, 0.0115828, 0.0242487, 0.0242487, 0.0372153, 0.0372153, 0.0478738, 0.0478738, 0.05, ]
best_mc_result_fixed_tau =   [0.00946037, ]
evolved_state_fixed_tau =   [[-0.0681882, -0.0218719, -0.686736, -0.134674, -0.0681882, -0.0218719, -0.0681882, -0.0218719, -0.686736, -0.134674, -0.0681882, -0.0218719, ],]
