START_PARAMETERS
MAX_STEPS_MCDB =               32
MIN_STEPS_MCDB =               4
STEPS_CRUNCH_MCDB =            1
SWEEPS_MCDB =                  100
TOTAL_STEP_CHANGES =                  6
MCBB_SECONDARY =                  1
SWEEPS_MCBB_SECONDARY =                  50
NUMBER_OF_BANGS =                  6
GROUND_E =                -2.18381
INITIAL_E =               -2.13469
j_initial =               0.1
k_initial =               0.5
b_initial =               0
j_target =                0.224
k_target =                0.5
b_target =                0
init_target_dot_squared = 0.979251
init_state = [-0.0686928, 0, -0.700402, 0, -0.0686928, 0, -0.0686928, 0, -0.700402, 0, -0.0686928, 0, ]
target_state = [-0.139315, 0, -0.679104, 0, -0.139315, 0, -0.139315, 0, -0.679104, 0, -0.139315, 0, ]
USE_ENERGY_DISTANCE =     false
PERIODIC =                false
UNIFORM_SITES =           true
DEVICE_DIMENSION =        2
MAX_PARAM =               1
MIN_PARAM =               0
MIN_PARAM =               0
DIAG =                    true
NUM_SEEDS =               2
DISTANCE_LIMIT =          0.02
TAU_INIT =                0.05
MAX_TAU =                 5
TAU_SCALAR =              1.2
TAU_SCALAR_TINY =         1.1
TAU_SCALAR_BIG =          1.4
ACCEPTANCE_PROB =         0.85
TEMP_EXP_DECAY =          0.8
MIN_TEMP_FRACTION =       0.01
TEMP_DECAY_ITERATIONS =   21
ZERO_TEMP_ITREATIONS =    15
RANDOM_STATES =           3
END_PARAMETERS
##############################################################################
clock_duration  =         4.09636
tau =                     0.0375
total_steps =             32
time_step =               0.0015625
best_mc_result =          0.0200939
best_mc_result_non_secondary =          0.0195934
evolved_target_dot_squared =  0.979906
distance =          0.968443
j_protocol =  [[1, 1, 1, 1, 1, 1, 1, 1, 1, 1, 1, 0, 0, 0, 0, 0, 0, 0, 0, 0, 0, 0, 0, 0, 0, 0, 0, 0, 0, 0, 0, 0, ],[1, 1, 1, 1, 1, 1, 1, 1, 1, 1, 1, 1, 0, 0, 0, 0, 0, 0, 0, 0, 0, 0, 0, 0, 0, 0, 0, 0, 0, 0, 0, 0, ],]
k_protocol =  [[0, 0, 1, 1, 1, 1, 1, 1, 1, 1, 1, 1, 1, 1, 1, 1, 1, 1, 1, 1, 1, 1, 1, 1, 1, 1, 1, 1, 1, 1, 1, 1, ],[0, 0, 1, 1, 1, 1, 1, 1, 1, 1, 1, 1, 1, 1, 1, 1, 1, 1, 1, 1, 1, 1, 1, 1, 1, 1, 1, 1, 1, 1, 1, 1, ],]
j_protocol_secondary =  [0, 0.0130976, 0.0145152, 0.0145152, 0.0176006, 0.0176006, 0.0183232, 0.0183232, 0.0309152, 0.0309152, 0.0345838, 0.0345838, ]
k_protocol_secondary =  [0.00216974, 0.0102715, 0.0102715, 0.0181464, 0.0181464, 0.0190088, 0.0190088, 0.0191894, 0.0191894, 0.0234478, 0.0234478, 0.0375, ]
best_evolved_state = [-0.0683112, -0.0183373, -0.692501, -0.102163, -0.0683112, -0.0183373, -0.0683112, -0.0183373, -0.692501, -0.102163, -0.0683112, -0.0183373, ]
best_mc_result_fixed_tau =   [0.0195934, 0.0196079, ]
evolved_state_fixed_tau =   [[-0.068058, -0.0240547, -0.686537, -0.135076, -0.068058, -0.0240547, -0.068058, -0.0240547, -0.686537, -0.135076, -0.068058, -0.0240547, ],[-0.068058, -0.0240547, -0.686537, -0.135076, -0.068058, -0.0240547, -0.068058, -0.0240547, -0.686537, -0.135076, -0.068058, -0.0240547, ],]
