START_PARAMETERS
MAX_STEPS_MCDB =               32
MIN_STEPS_MCDB =               4
STEPS_CRUNCH_MCDB =            1
SWEEPS_MCDB =                  100
TOTAL_STEP_CHANGES =                  6
MCBB_SECONDARY =                  1
SWEEPS_MCBB_SECONDARY =                  50
NUMBER_OF_BANGS =                  6
GROUND_E =                -2.3072
INITIAL_E =               -2.23208
j_initial =               0.552
k_initial =               0.5
b_initial =               0
j_target =                0.614
k_target =                0.25
b_target =                0
init_target_dot_squared = 0.979217
init_state = [-0.239961, 0, -0.620353, 0, -0.239961, 0, -0.239961, 0, -0.620353, 0, -0.239961, 0, ]
target_state = [0.300693, 0, 0.564949, 0, 0.300693, 0, 0.300693, 0, 0.564949, 0, 0.300693, 0, ]
USE_ENERGY_DISTANCE =     false
PERIODIC =                false
UNIFORM_SITES =           true
DEVICE_DIMENSION =        2
MAX_PARAM =               1
MIN_PARAM =               0
MIN_PARAM =               0
DIAG =                    true
NUM_SEEDS =               2
DISTANCE_LIMIT =          0.02
TAU_INIT =                0.05
MAX_TAU =                 5
TAU_SCALAR =              1.2
TAU_SCALAR_TINY =         1.1
TAU_SCALAR_BIG =          1.4
ACCEPTANCE_PROB =         0.85
TEMP_EXP_DECAY =          0.8
MIN_TEMP_FRACTION =       0.01
TEMP_DECAY_ITERATIONS =   21
ZERO_TEMP_ITREATIONS =    15
RANDOM_STATES =           3
END_PARAMETERS
##############################################################################
clock_duration  =         3.79387
tau =                     0.0375
total_steps =             32
time_step =               0.0015625
best_mc_result =          0.0198902
best_mc_result_non_secondary =          0.0192108
evolved_target_dot_squared =  0.98011
distance =          0.957032
j_protocol =  [[1, 1, 1, 1, 1, 1, 1, 1, 1, 1, 1, 1, 1, 1, 1, 1, 1, 1, 1, 1, 1, 1, 1, 1, 1, 1, 1, 0, 0, 0, 0, 0, ],[1, 1, 1, 1, 1, 1, 1, 1, 1, 1, 1, 1, 1, 1, 1, 1, 1, 1, 1, 1, 1, 1, 1, 1, 1, 1, 0, 0, 0, 0, 0, 0, ],]
k_protocol =  [[0, 0, 0, 0, 0, 0, 0, 0, 0, 0, 0, 0, 0, 0, 1, 1, 1, 1, 1, 1, 1, 1, 1, 1, 1, 1, 1, 1, 1, 1, 1, 1, ],[0, 0, 0, 0, 0, 0, 0, 0, 0, 0, 0, 0, 0, 0, 1, 1, 1, 1, 1, 1, 1, 1, 1, 1, 1, 1, 1, 1, 1, 1, 1, 1, ],]
j_protocol_secondary =  [0, 0.0155107, 0.0155107, 0.0190658, 0.0190658, 0.0231284, 0.0231284, 0.0237921, 0.0237921, 0.0314088, 0.0315972, 0.0315972, ]
k_protocol_secondary =  [0.000621513, 0.000621513, 0.00145513, 0.00145513, 0.0164989, 0.0205946, 0.0205946, 0.0291053, 0.0291053, 0.0319438, 0.0319438, 0.0375, ]
best_evolved_state = [-0.238465, -0.0388886, -0.613623, -0.0819221, -0.238465, -0.0388886, -0.238465, -0.0388886, -0.613623, -0.0819221, -0.238465, -0.0388886, ]
best_mc_result_fixed_tau =   [0.0192108, 0.0192154, ]
evolved_state_fixed_tau =   [[-0.237236, -0.0521452, -0.608289, -0.109473, -0.237236, -0.0521452, -0.237236, -0.0521452, -0.608289, -0.109473, -0.237236, -0.0521452, ],[-0.237511, -0.0502332, -0.608659, -0.108002, -0.237511, -0.0502332, -0.237511, -0.0502332, -0.608659, -0.108002, -0.237511, -0.0502332, ],]
