START_PARAMETERS
MAX_STEPS_MCDB =               64
MIN_STEPS_MCDB =               4
STEPS_CRUNCH_MCDB =            1
SWEEPS_MCDB =                  100
TOTAL_STEP_CHANGES =                  7
MCBB_SECONDARY =                  1
SWEEPS_MCBB_SECONDARY =                  150
NUMBER_OF_BANGS =                  5
GROUND_E =                -2.50594
INITIAL_E =               -2.42846
j_initial =               0.556
k_initial =               0.25
b_initial =               0
j_target =                0.841
k_target =                0.062
b_target =                0
init_target_dot_squared = 0.983736
init_state = [0.29517, 0, 0.570745, 0, 0.29517, 0, 0.29517, 0, 0.570745, 0, 0.29517, 0, ]
target_state = [0.344228, 0, 0.51285, 0, 0.344228, 0, 0.344228, 0, 0.51285, 0, 0.344228, 0, ]
USE_ENERGY_DISTANCE =     false
PERIODIC =                false
UNIFORM_SITES =           true
DEVICE_DIMENSION =        2
MAX_PARAM =               1
MIN_PARAM =               0
MIN_PARAM =               0
DIAG =                    true
NUM_SEEDS =               1
DISTANCE_LIMIT =          0.01
TAU_INIT =                0.05
MAX_TAU =                 3
TAU_SCALAR =              1.15
TAU_SCALAR_TINY =         1.05
TAU_SCALAR_BIG =          1.3
ACCEPTANCE_PROB =         0.55
TEMP_EXP_DECAY =          0.8
MIN_TEMP_FRACTION =       0.01
TEMP_DECAY_ITERATIONS =   21
ZERO_TEMP_ITREATIONS =    15
RANDOM_STATES =           3
INIT_OVERLAP_LIMIT =      0.99999
END_PARAMETERS
##############################################################################
clock_duration  =         1.23266
tau =                     0.05
total_steps =             16
time_step =               0.003125
best_mc_result =          0.0151997
evolved_target_dot_squared =  0.9848
best_evolved_state = [0.291837, 0.055572, 0.560913, 0.0941397, 0.291837, 0.055572, 0.291837, 0.055572, 0.560913, 0.0941397, 0.291837, 0.055572, ]
distance =          0.934582
j_protocol =  [[1, 1, 1, 1, 1, 1, 1, 1, 1, 1, 1, 1, 1, 1, 1, 1, ],]
k_protocol =  [[0, 0, 0, 0, 0, 0, 0, 0, 0, 0, 0, 1, 1, 1, 1, 1, ],]
j_protocol_secondary =  [0, 0.00814549, 0.00814549, 0.0141309, 0.0141309, 0.0473601, 0.0473601, 0.048885, 0.0499871, 0.0499871, ]
k_protocol_secondary =  [0.0115828, 0.0115828, 0.0242487, 0.0242487, 0.0337926, 0.0372153, 0.0372153, 0.0478738, 0.0478738, 0.05, ]
best_mc_result_fixed_tau =   [0.0152038, ]
evolved_state_fixed_tau =   [[0.291671, 0.0568273, 0.560837, 0.0941268, 0.291671, 0.0568273, 0.291671, 0.0568273, 0.560837, 0.0941268, 0.291671, 0.0568273, ],]
##############################################################################
clock_duration  =         2.46503
tau =                     0.13
total_steps =             16
time_step =               0.008125
best_mc_result =          0.00986122
evolved_target_dot_squared =  0.990139
best_evolved_state = [0.273119, 0.141203, 0.506112, 0.234063, 0.273119, 0.141203, 0.273119, 0.141203, 0.506112, 0.234063, 0.273119, 0.141203, ]
distance =          0.606335
j_protocol =  [[1, 1, 1, 1, 1, 1, 1, 1, 1, 1, 1, 1, 1, 1, 1, 1, ],]
k_protocol =  [[0, 0, 0, 0, 0, 0, 0, 0, 0, 0, 0, 1, 1, 1, 1, 1, ],]
j_protocol_secondary =  [0, 0.0211783, 0.0211783, 0.0367403, 0.0367403, 0.123136, 0.123136, 0.127174, 0.129966, 0.129966, ]
k_protocol_secondary =  [0.0301154, 0.0301154, 0.0630466, 0.0630466, 0.0889121, 0.0967597, 0.0967597, 0.124472, 0.124472, 0.13, ]
best_mc_result_fixed_tau =   [0.00987316, ]
evolved_state_fixed_tau =   [[0.271886, 0.144089, 0.504838, 0.236162, 0.271886, 0.144089, 0.271886, 0.144089, 0.504838, 0.236162, 0.271886, 0.144089, ],]
