START_PARAMETERS
MAX_STEPS_MCDB =               64
MIN_STEPS_MCDB =               4
STEPS_CRUNCH_MCDB =            1
SWEEPS_MCDB =                  100
TOTAL_STEP_CHANGES =                  7
MCBB_SECONDARY =                  1
SWEEPS_MCBB_SECONDARY =                  150
NUMBER_OF_BANGS =                  5
GROUND_E =                -3.33242
INITIAL_E =               -3.2481
j_initial =               0.409
k_initial =               0.5
b_initial =               0
j_target =                0.745
k_target =                0.5
b_target =                0
init_target_dot_squared = 0.981923
init_state = [0.207977, 0, 0.643033, 0, 0.207977, 0, 0.207977, 0, 0.643033, 0, 0.207977, 0, ]
target_state = [0.267222, 0, 0.597649, 0, 0.267222, 0, 0.267222, 0, 0.597649, 0, 0.267222, 0, ]
USE_ENERGY_DISTANCE =     false
PERIODIC =                false
UNIFORM_SITES =           true
DEVICE_DIMENSION =        2
MAX_PARAM =               1
MIN_PARAM =               0
MIN_PARAM =               0
DIAG =                    true
NUM_SEEDS =               1
DISTANCE_LIMIT =          0.01
TAU_INIT =                0.05
MAX_TAU =                 3
TAU_SCALAR =              1.15
TAU_SCALAR_TINY =         1.05
TAU_SCALAR_BIG =          1.3
ACCEPTANCE_PROB =         0.55
TEMP_EXP_DECAY =          0.8
MIN_TEMP_FRACTION =       0.01
TEMP_DECAY_ITERATIONS =   21
ZERO_TEMP_ITREATIONS =    15
RANDOM_STATES =           3
INIT_OVERLAP_LIMIT =      0.99999
END_PARAMETERS
##############################################################################
clock_duration  =         1.0676
tau =                     0.05
total_steps =             16
time_step =               0.003125
best_mc_result =          0.0165976
evolved_target_dot_squared =  0.983402
best_evolved_state = [0.205841, 0.0467615, 0.63045, 0.115839, 0.205841, 0.0467615, 0.205841, 0.0467615, 0.63045, 0.115839, 0.205841, 0.0467615, ]
distance =          0.918164
j_protocol =  [[1, 1, 1, 1, 1, 1, 1, 1, 1, 1, 1, 1, 0, 0, 0, 0, ],]
k_protocol =  [[0, 0, 0, 0, 1, 0, 1, 1, 1, 1, 1, 1, 1, 1, 1, 1, ],]
j_protocol_secondary =  [0, 0.00814549, 0.00814549, 0.0141309, 0.0141309, 0.0364702, 0.0473601, 0.0473601, 0.0499871, 0.0499871, ]
k_protocol_secondary =  [0.0115828, 0.0115828, 0.0133902, 0.0133902, 0.0164182, 0.0242487, 0.0242487, 0.0478738, 0.0478738, 0.05, ]
best_mc_result_fixed_tau =   [0.0166292, ]
evolved_state_fixed_tau =   [[0.205532, 0.0480649, 0.629925, 0.118688, 0.205532, 0.0480649, 0.205532, 0.0480649, 0.629925, 0.118688, 0.205532, 0.0480649, ],]
##############################################################################
clock_duration  =         2.20659
tau =                     0.13
total_steps =             16
time_step =               0.008125
best_mc_result =          0.00938854
evolved_target_dot_squared =  0.990611
best_evolved_state = [0.193808, 0.119149, 0.559779, 0.288326, 0.193808, 0.119149, 0.193808, 0.119149, 0.559779, 0.288326, 0.193808, 0.119149, ]
distance =          0.519364
j_protocol =  [[1, 1, 1, 1, 1, 1, 1, 1, 1, 1, 1, 1, 0, 0, 0, 0, ],]
k_protocol =  [[0, 0, 0, 0, 0, 1, 1, 1, 1, 1, 1, 1, 1, 1, 1, 1, ],]
j_protocol_secondary =  [0, 0.0211783, 0.0211783, 0.0367403, 0.0367403, 0.0945523, 0.123136, 0.123136, 0.129966, 0.129966, ]
k_protocol_secondary =  [0.0301154, 0.0301154, 0.0425671, 0.0630466, 0.0630466, 0.0967597, 0.0967597, 0.124472, 0.124472, 0.13, ]
best_mc_result_fixed_tau =   [0.00941055, ]
evolved_state_fixed_tau =   [[0.192019, 0.122554, 0.556108, 0.294892, 0.192019, 0.122554, 0.192019, 0.122554, 0.556108, 0.294892, 0.192019, 0.122554, ],]
