START_PARAMETERS
MAX_STEPS_MCDB =               32
MIN_STEPS_MCDB =               4
STEPS_CRUNCH_MCDB =            1
SWEEPS_MCDB =                  100
TOTAL_STEP_CHANGES =                  6
MCBB_SECONDARY =                  1
SWEEPS_MCBB_SECONDARY =                  50
NUMBER_OF_BANGS =                  6
GROUND_E =                -3.76394
INITIAL_E =               -3.64645
j_initial =               0.564
k_initial =               0.062
b_initial =               0
j_target =                0.911
k_target =                0.5
b_target =                0
init_target_dot_squared = 0.978745
init_state = [0.339577, 0, 0.519013, 0, 0.339577, 0, 0.339577, 0, 0.519013, 0, 0.339577, 0, ]
target_state = [0.282444, 0, 0.583481, 0, 0.282444, 0, 0.282444, 0, 0.583481, 0, 0.282444, 0, ]
USE_ENERGY_DISTANCE =     false
PERIODIC =                false
UNIFORM_SITES =           true
DEVICE_DIMENSION =        2
MAX_PARAM =               1
MIN_PARAM =               0
MIN_PARAM =               0
DIAG =                    true
NUM_SEEDS =               2
DISTANCE_LIMIT =          0.02
TAU_INIT =                0.05
MAX_TAU =                 5
TAU_SCALAR =              1.2
TAU_SCALAR_TINY =         1.1
TAU_SCALAR_BIG =          1.4
ACCEPTANCE_PROB =         0.85
TEMP_EXP_DECAY =          0.8
MIN_TEMP_FRACTION =       0.01
TEMP_DECAY_ITERATIONS =   21
ZERO_TEMP_ITREATIONS =    15
RANDOM_STATES =           3
END_PARAMETERS
##############################################################################
clock_duration  =         5.11328
tau =                     0.046875
total_steps =             32
time_step =               0.0015625
best_mc_result =          0.0200522
best_mc_result_non_secondary =          0.0198899
evolved_target_dot_squared =  0.979948
distance =          0.943412
j_protocol =  [[0, 1, 1, 1, 1, 1, 1, 1, 1, 1, 1, 1, 1, 1, 1, 1, 1, 1, 1, 1, 1, 1, 1, 1, 1, 1, 1, 1, 1, 1, 1, 1, ],[0, 1, 1, 1, 1, 1, 1, 1, 1, 1, 1, 1, 1, 1, 1, 1, 1, 1, 1, 1, 1, 1, 1, 1, 1, 1, 1, 1, 1, 1, 1, 1, ],]
k_protocol =  [[1, 1, 1, 1, 1, 1, 1, 1, 1, 1, 1, 1, 0, 0, 0, 0, 0, 0, 0, 0, 0, 0, 0, 0, 0, 0, 0, 0, 0, 0, 0, 0, ],[1, 1, 1, 1, 1, 1, 1, 1, 1, 1, 1, 1, 0, 0, 0, 0, 0, 0, 0, 0, 0, 0, 0, 0, 0, 0, 0, 0, 0, 0, 0, 0, ],]
j_protocol_secondary =  [0.00121333, 0.00121333, 0.00175883, 0.00250096, 0.00250096, 0.00316286, 0.00316286, 0.0387205, 0.0387205, 0.0396405, 0.0396405, 0.046875, ]
k_protocol_secondary =  [0, 0.00277175, 0.00277175, 0.00810422, 0.00810422, 0.0115588, 0.0115588, 0.0177032, 0.0326716, 0.0326716, 0.0356172, 0.0356172, ]
best_evolved_state = [0.334037, 0.0465662, 0.512812, 0.0975969, 0.334037, 0.0465662, 0.334037, 0.0465662, 0.512812, 0.0975969, 0.334037, 0.0465662, ]
best_mc_result_fixed_tau =   [0.0198899, 0.0198899, ]
evolved_state_fixed_tau =   [[0.33325, 0.0499539, 0.511902, 0.104185, 0.33325, 0.0499539, 0.33325, 0.0499539, 0.511902, 0.104185, 0.33325, 0.0499539, ],[0.33325, 0.0499539, 0.511902, 0.104185, 0.33325, 0.0499539, 0.33325, 0.0499539, 0.511902, 0.104185, 0.33325, 0.0499539, ],]
