START_PARAMETERS
MAX_STEPS_MCDB =               64
MIN_STEPS_MCDB =               4
STEPS_CRUNCH_MCDB =            1
SWEEPS_MCDB =                  100
TOTAL_STEP_CHANGES =                  7
MCBB_SECONDARY =                  1
SWEEPS_MCBB_SECONDARY =                  150
NUMBER_OF_BANGS =                  5
GROUND_E =                -3.76394
INITIAL_E =               -3.67539
j_initial =               0.756
k_initial =               0.125
b_initial =               0
j_target =                0.911
k_target =                0.5
b_target =                0
init_target_dot_squared = 0.983981
init_state = [0.332392, 0, 0.528234, 0, 0.332392, 0, 0.332392, 0, 0.528234, 0, 0.332392, 0, ]
target_state = [0.282444, 0, 0.583481, 0, 0.282444, 0, 0.282444, 0, 0.583481, 0, 0.282444, 0, ]
USE_ENERGY_DISTANCE =     false
PERIODIC =                false
UNIFORM_SITES =           true
DEVICE_DIMENSION =        2
MAX_PARAM =               1
MIN_PARAM =               0
MIN_PARAM =               0
DIAG =                    true
NUM_SEEDS =               1
DISTANCE_LIMIT =          0.01
TAU_INIT =                0.05
MAX_TAU =                 3
TAU_SCALAR =              1.15
TAU_SCALAR_TINY =         1.05
TAU_SCALAR_BIG =          1.3
ACCEPTANCE_PROB =         0.55
TEMP_EXP_DECAY =          0.8
MIN_TEMP_FRACTION =       0.01
TEMP_DECAY_ITERATIONS =   21
ZERO_TEMP_ITREATIONS =    15
RANDOM_STATES =           3
INIT_OVERLAP_LIMIT =      0.99999
END_PARAMETERS
##############################################################################
clock_duration  =         1.38714
tau =                     0.05
total_steps =             16
time_step =               0.003125
best_mc_result =          0.0148551
evolved_target_dot_squared =  0.985145
best_evolved_state = [0.326151, 0.0495877, 0.521209, 0.103316, 0.326151, 0.0495877, 0.326151, 0.0495877, 0.521209, 0.103316, 0.326151, 0.0495877, ]
distance =          0.927342
j_protocol =  [[1, 1, 1, 1, 1, 1, 1, 1, 1, 1, 1, 1, 1, 1, 1, 1, ],]
k_protocol =  [[1, 1, 1, 1, 1, 1, 0, 0, 0, 0, 0, 0, 0, 0, 0, 0, ],]
j_protocol_secondary =  [0.00276053, 0.00814549, 0.00814549, 0.0141309, 0.0141309, 0.0473601, 0.0473601, 0.0499871, 0.0499871, 0.05, ]
k_protocol_secondary =  [0, 0.0115828, 0.0115828, 0.0194201, 0.0242487, 0.0242487, 0.0372153, 0.0372153, 0.0478738, 0.0478738, ]
best_mc_result_fixed_tau =   [0.0148729, ]
evolved_state_fixed_tau =   [[0.325868, 0.0524665, 0.520556, 0.10553, 0.325868, 0.0524665, 0.325868, 0.0524665, 0.520556, 0.10553, 0.325868, 0.0524665, ],]
##############################################################################
clock_duration  =         2.80217
tau =                     0.13
total_steps =             16
time_step =               0.008125
best_mc_result =          0.00908875
evolved_target_dot_squared =  0.990911
best_evolved_state = [0.29113, 0.124297, 0.482112, 0.259143, 0.29113, 0.124297, 0.29113, 0.124297, 0.482112, 0.259143, 0.29113, 0.124297, ]
distance =          0.567374
j_protocol =  [[0, 1, 1, 1, 1, 1, 1, 1, 1, 1, 1, 1, 1, 1, 1, 1, ],]
k_protocol =  [[1, 1, 1, 1, 1, 1, 0, 0, 0, 0, 0, 0, 0, 0, 0, 0, ],]
j_protocol_secondary =  [0.00717185, 0.0211783, 0.0211783, 0.0367403, 0.0367403, 0.123136, 0.123136, 0.129966, 0.129966, 0.13, ]
k_protocol_secondary =  [0, 0.0301154, 0.0301154, 0.0496314, 0.0630466, 0.0630466, 0.0967597, 0.0967597, 0.124472, 0.124472, ]
best_mc_result_fixed_tau =   [0.00909324, ]
evolved_state_fixed_tau =   [[0.291745, 0.123481, 0.483335, 0.256245, 0.291745, 0.123481, 0.291745, 0.123481, 0.483335, 0.256245, 0.291745, 0.123481, ],]
