START_PARAMETERS
MAX_STEPS_MCDB =               64
MIN_STEPS_MCDB =               4
STEPS_CRUNCH_MCDB =            1
SWEEPS_MCDB =                  100
TOTAL_STEP_CHANGES =                  7
MCBB_SECONDARY =                  1
SWEEPS_MCBB_SECONDARY =                  150
NUMBER_OF_BANGS =                  5
GROUND_E =                -2.15018
INITIAL_E =               -2.0965
j_initial =               0.841
k_initial =               0.062
b_initial =               0
j_target =                0.556
k_target =                0.25
b_target =                0
init_target_dot_squared = 0.983736
init_state = [0.344228, 0, 0.51285, 0, 0.344228, 0, 0.344228, 0, 0.51285, 0, 0.344228, 0, ]
target_state = [0.29517, 0, 0.570745, 0, 0.29517, 0, 0.29517, 0, 0.570745, 0, 0.29517, 0, ]
USE_ENERGY_DISTANCE =     false
PERIODIC =                false
UNIFORM_SITES =           true
DEVICE_DIMENSION =        2
MAX_PARAM =               1
MIN_PARAM =               0
MIN_PARAM =               0
DIAG =                    true
NUM_SEEDS =               1
DISTANCE_LIMIT =          0.01
TAU_INIT =                0.05
MAX_TAU =                 3
TAU_SCALAR =              1.15
TAU_SCALAR_TINY =         1.05
TAU_SCALAR_BIG =          1.3
ACCEPTANCE_PROB =         0.55
TEMP_EXP_DECAY =          0.8
MIN_TEMP_FRACTION =       0.01
TEMP_DECAY_ITERATIONS =   21
ZERO_TEMP_ITREATIONS =    15
RANDOM_STATES =           3
INIT_OVERLAP_LIMIT =      0.99999
END_PARAMETERS
##############################################################################
clock_duration  =         1.43831
tau =                     0.05
total_steps =             16
time_step =               0.003125
best_mc_result =          0.0151997
evolved_target_dot_squared =  0.9848
best_evolved_state = [0.338169, 0.0498542, 0.50626, 0.100066, 0.338169, 0.0498542, 0.338169, 0.0498542, 0.50626, 0.100066, 0.338169, 0.0498542, ]
distance =          0.934582
j_protocol =  [[1, 1, 1, 1, 1, 1, 1, 1, 1, 1, 1, 1, 1, 1, 1, 1, ],]
k_protocol =  [[1, 1, 1, 1, 1, 0, 0, 0, 0, 0, 0, 0, 0, 0, 0, 0, ],]
j_protocol_secondary =  [0.00110976, 0.00814549, 0.00814549, 0.0141309, 0.0141309, 0.0473601, 0.0473601, 0.0499871, 0.0499871, 0.05, ]
k_protocol_secondary =  [0, 0.0115828, 0.0115828, 0.0162055, 0.0242487, 0.0242487, 0.0372153, 0.0372153, 0.0478738, 0.0478738, ]
best_mc_result_fixed_tau =   [0.0152038, ]
evolved_state_fixed_tau =   [[0.338097, 0.050982, 0.506067, 0.100394, 0.338097, 0.050982, 0.338097, 0.050982, 0.506067, 0.100394, 0.338097, 0.050982, ],]
##############################################################################
clock_duration  =         2.78125
tau =                     0.13
total_steps =             16
time_step =               0.008125
best_mc_result =          0.00986121
evolved_target_dot_squared =  0.990139
best_evolved_state = [0.30422, 0.125389, 0.469596, 0.250869, 0.30422, 0.125389, 0.30422, 0.125389, 0.469596, 0.250869, 0.30422, 0.125389, ]
distance =          0.606334
j_protocol =  [[1, 1, 1, 1, 1, 1, 1, 1, 1, 1, 1, 1, 1, 1, 1, 1, ],]
k_protocol =  [[1, 1, 1, 1, 1, 0, 0, 0, 0, 0, 0, 0, 0, 0, 0, 0, ],]
j_protocol_secondary =  [0.00288538, 0.0211783, 0.0211783, 0.0367403, 0.0367403, 0.123136, 0.123136, 0.129966, 0.129966, 0.13, ]
k_protocol_secondary =  [0, 0.0301154, 0.0301154, 0.041115, 0.0630466, 0.0630466, 0.0967597, 0.0967597, 0.124472, 0.124472, ]
best_mc_result_fixed_tau =   [0.00987316, ]
evolved_state_fixed_tau =   [[0.303394, 0.128069, 0.467777, 0.253545, 0.303394, 0.128069, 0.303394, 0.128069, 0.467777, 0.253545, 0.303394, 0.128069, ],]
