START_PARAMETERS
MAX_STEPS_MCDB =               32
MIN_STEPS_MCDB =               4
STEPS_CRUNCH_MCDB =            1
SWEEPS_MCDB =                  100
TOTAL_STEP_CHANGES =                  6
MCBB_SECONDARY =                  1
SWEEPS_MCBB_SECONDARY =                  50
NUMBER_OF_BANGS =                  6
GROUND_E =                -2.85409
INITIAL_E =               -2.77702
j_initial =               0.614
k_initial =               0.25
b_initial =               0
j_target =                0.552
k_target =                0.5
b_target =                0
init_target_dot_squared = 0.979217
init_state = [0.300693, 0, 0.564949, 0, 0.300693, 0, 0.300693, 0, 0.564949, 0, 0.300693, 0, ]
target_state = [-0.239961, 0, -0.620353, 0, -0.239961, 0, -0.239961, 0, -0.620353, 0, -0.239961, 0, ]
USE_ENERGY_DISTANCE =     false
PERIODIC =                false
UNIFORM_SITES =           true
DEVICE_DIMENSION =        2
MAX_PARAM =               1
MIN_PARAM =               0
MIN_PARAM =               0
DIAG =                    true
NUM_SEEDS =               1
NUMBER_OF_BANGS =               6
DISTANCE_LIMIT =          0.02
TAU_INIT =                0.05
MAX_TAU =                 5
TAU_SCALAR =              1.2
TAU_SCALAR_TINY =         1.1
TAU_SCALAR_BIG =          1.4
ACCEPTANCE_PROB =         0.85
TEMP_EXP_DECAY =          0.8
MIN_TEMP_FRACTION =       0.01
TEMP_DECAY_ITERATIONS =   21
ZERO_TEMP_ITREATIONS =    15
RANDOM_STATES =           3
END_PARAMETERS
##############################################################################
clock_duration  =         2.58155
tau =                     0.0375
total_steps =             32
time_step =               0.0015625
best_mc_result =          0.0198902
best_mc_result_non_secondary =          0
evolved_target_dot_squared =  0.98011
distance =          0.957032
j_protocol =  [[0, 0, 0, 0, 0, 0, 0, 0, 0, 0, 0, 0, 0, 0, 0, 0, 0, 0, 0, 0, 0, 0, 0, 0, 0, 0, 0, 0, 0, 0, 0, 0, ],]
k_protocol =  [[0, 0, 0, 0, 0, 0, 0, 0, 0, 0, 0, 0, 0, 0, 0, 0, 0, 0, 0, 0, 0, 0, 0, 0, 0, 0, 0, 0, 0, 0, 0, 0, ],]
j_protocol_secondary =  [0.00608349, 0.00802505, 0.00802505, 0.0122712, 0.0122712, 0.018879, 0.018879, 0.0195194, 0.0195194, 0.0306867, 0.0306867, 0.0375, ]
k_protocol_secondary =  [0, 0.0174955, 0.0174955, 0.0190107, 0.0190107, 0.0210097, 0.0228987, 0.0228987, 0.0235292, 0.0235292, 0.0353459, 0.0353459, ]
best_evolved_state = [0.297032, 0.0353349, 0.560197, 0.0850044, 0.297032, 0.0353349, 0.297032, 0.0353349, 0.560197, 0.0850044, 0.297032, 0.0353349, ]
best_mc_result_fixed_tau =   [0.0192108, ]
evolved_state_fixed_tau =   [[0.294143, 0.0472764, 0.556389, 0.113673, 0.294143, 0.0472764, 0.294143, 0.0472764, 0.556389, 0.113673, 0.294143, 0.0472764, ],]
