START_PARAMETERS
MAX_STEPS_MCDB =               64
MIN_STEPS_MCDB =               4
STEPS_CRUNCH_MCDB =            1
SWEEPS_MCDB =                  100
TOTAL_STEP_CHANGES =                  7
MCBB_SECONDARY =                  1
SWEEPS_MCBB_SECONDARY =                  150
NUMBER_OF_BANGS =                  5
GROUND_E =                -2.90025
INITIAL_E =               -2.83525
j_initial =               0.745
k_initial =               0.5
b_initial =               0
j_target =                0.83
k_target =                0.25
b_target =                0
init_target_dot_squared = 0.98646
init_state = [0.267222, 0, 0.597649, 0, 0.267222, 0, 0.267222, 0, 0.597649, 0, 0.267222, 0, ]
target_state = [0.314581, 0, 0.549616, 0, 0.314581, 0, 0.314581, 0, 0.549616, 0, 0.314581, 0, ]
USE_ENERGY_DISTANCE =     false
PERIODIC =                false
UNIFORM_SITES =           true
DEVICE_DIMENSION =        2
MAX_PARAM =               1
MIN_PARAM =               0
MIN_PARAM =               0
DIAG =                    true
NUM_SEEDS =               1
DISTANCE_LIMIT =          0.01
TAU_INIT =                0.05
MAX_TAU =                 3
TAU_SCALAR =              1.15
TAU_SCALAR_TINY =         1.05
TAU_SCALAR_BIG =          1.3
ACCEPTANCE_PROB =         0.55
TEMP_EXP_DECAY =          0.8
MIN_TEMP_FRACTION =       0.01
TEMP_DECAY_ITERATIONS =   21
ZERO_TEMP_ITREATIONS =    15
RANDOM_STATES =           3
INIT_OVERLAP_LIMIT =      0.99999
END_PARAMETERS
##############################################################################
clock_duration  =         1.95297
tau =                     0.05
total_steps =             16
time_step =               0.003125
best_mc_result =          0.0123962
evolved_target_dot_squared =  0.987604
best_evolved_state = [0.264337, 0.0531191, 0.586578, 0.102641, 0.264337, 0.0531191, 0.264337, 0.0531191, 0.586578, 0.102641, 0.264337, 0.0531191, ]
distance =          0.915553
j_protocol =  [[1, 1, 1, 1, 1, 1, 1, 1, 1, 1, 1, 1, 1, 1, 1, 0, ],]
k_protocol =  [[0, 0, 0, 0, 0, 0, 0, 0, 1, 1, 1, 1, 1, 1, 1, 1, ],]
j_protocol_secondary =  [0, 0.00814549, 0.00814549, 0.0141309, 0.0141309, 0.0446109, 0.0473601, 0.0473601, 0.0499871, 0.0499871, ]
k_protocol_secondary =  [0.0115828, 0.0115828, 0.0242487, 0.0242487, 0.0267149, 0.0372153, 0.0372153, 0.0478738, 0.0478738, 0.05, ]
best_mc_result_fixed_tau =   [0.0124122, ]
evolved_state_fixed_tau =   [[0.263741, 0.0557665, 0.585462, 0.109069, 0.263741, 0.0557665, 0.263741, 0.0557665, 0.585462, 0.109069, 0.263741, 0.0557665, ],]
##############################################################################
clock_duration  =         3.89969
tau =                     0.13
total_steps =             16
time_step =               0.008125
best_mc_result =          0.00686122
evolved_target_dot_squared =  0.993139
best_evolved_state = [0.24821, 0.134984, 0.524797, 0.254813, 0.24821, 0.134984, 0.24821, 0.134984, 0.524797, 0.254813, 0.24821, 0.134984, ]
distance =          0.506753
j_protocol =  [[1, 1, 1, 1, 1, 1, 1, 1, 1, 1, 1, 1, 1, 1, 1, 0, ],]
k_protocol =  [[0, 0, 0, 0, 0, 0, 0, 0, 1, 1, 1, 1, 1, 1, 1, 1, ],]
j_protocol_secondary =  [0, 0.0211783, 0.0211783, 0.0367403, 0.0367403, 0.11587, 0.123136, 0.123136, 0.129966, 0.129966, ]
k_protocol_secondary =  [0.0301154, 0.0301154, 0.0630466, 0.0630466, 0.0701324, 0.0967597, 0.0967597, 0.124472, 0.124472, 0.13, ]
best_mc_result_fixed_tau =   [0.00696554, ]
evolved_state_fixed_tau =   [[0.244122, 0.141098, 0.516854, 0.27176, 0.244122, 0.141098, 0.244122, 0.141098, 0.516854, 0.27176, 0.244122, 0.141098, ],]
