START_PARAMETERS
MAX_STEPS_MCDB =               32
MIN_STEPS_MCDB =               4
STEPS_CRUNCH_MCDB =            1
SWEEPS_MCDB =                  100
TOTAL_STEP_CHANGES =                  6
MCBB_SECONDARY =                  1
SWEEPS_MCBB_SECONDARY =                  50
NUMBER_OF_BANGS =                  6
GROUND_E =                -1.72404
INITIAL_E =               -1.65603
j_initial =               0.911
k_initial =               0.5
b_initial =               0
j_target =                0.564
k_target =                0.062
b_target =                0
init_target_dot_squared = 0.978745
init_state = [0.282444, 0, 0.583481, 0, 0.282444, 0, 0.282444, 0, 0.583481, 0, 0.282444, 0, ]
target_state = [0.339577, 0, 0.519013, 0, 0.339577, 0, 0.339577, 0, 0.519013, 0, 0.339577, 0, ]
USE_ENERGY_DISTANCE =     false
PERIODIC =                false
UNIFORM_SITES =           true
DEVICE_DIMENSION =        2
MAX_PARAM =               1
MIN_PARAM =               0
MIN_PARAM =               0
DIAG =                    true
NUM_SEEDS =               1
NUMBER_OF_BANGS =               6
DISTANCE_LIMIT =          0.02
TAU_INIT =                0.05
MAX_TAU =                 5
TAU_SCALAR =              1.2
TAU_SCALAR_TINY =         1.1
TAU_SCALAR_BIG =          1.4
ACCEPTANCE_PROB =         0.85
TEMP_EXP_DECAY =          0.8
MIN_TEMP_FRACTION =       0.01
TEMP_DECAY_ITERATIONS =   21
ZERO_TEMP_ITREATIONS =    15
RANDOM_STATES =           3
END_PARAMETERS
##############################################################################
clock_duration  =         2.48987
tau =                     0.046875
total_steps =             32
time_step =               0.0015625
best_mc_result =          0.0200522
best_mc_result_non_secondary =          0
evolved_target_dot_squared =  0.979948
distance =          0.943412
j_protocol =  [[0, 0, 0, 0, 0, 0, 0, 0, 0, 0, 0, 0, 0, 0, 0, 0, 0, 0, 0, 0, 0, 0, 0, 0, 0, 0, 0, 0, 0, 0, 0, 0, ],]
k_protocol =  [[0, 0, 0, 0, 0, 0, 0, 0, 0, 0, 0, 0, 0, 0, 0, 0, 0, 0, 0, 0, 0, 0, 0, 0, 0, 0, 0, 0, 0, 0, 0, 0, ],]
j_protocol_secondary =  [0, 0.0103676, 0.0103676, 0.0272186, 0.0272186, 0.0364858, 0.0364858, 0.0443927, 0.0443927, 0.0451174, 0.0464689, 0.0464689, ]
k_protocol_secondary =  [0.00148443, 0.00148443, 0.00950549, 0.00950549, 0.0282595, 0.0282595, 0.0288573, 0.0288573, 0.0291681, 0.0334496, 0.0334496, 0.046875, ]
best_evolved_state = [0.279558, 0.0524554, 0.574256, 0.0917732, 0.279558, 0.0524554, 0.279558, 0.0524554, 0.574256, 0.0917732, 0.279558, 0.0524554, ]
best_mc_result_fixed_tau =   [0.0198899, ]
evolved_state_fixed_tau =   [[0.279113, 0.0562831, 0.572959, 0.0978458, 0.279113, 0.0562831, 0.279113, 0.0562831, 0.572959, 0.0978458, 0.279113, 0.0562831, ],]
