START_PARAMETERS
MAX_STEPS_MCDB =               64
MIN_STEPS_MCDB =               4
STEPS_CRUNCH_MCDB =            1
SWEEPS_MCDB =                  100
TOTAL_STEP_CHANGES =                  7
MCBB_SECONDARY =                  1
SWEEPS_MCBB_SECONDARY =                  150
NUMBER_OF_BANGS =                  5
GROUND_E =                -2.40286
INITIAL_E =               -2.33388
j_initial =               0.911
k_initial =               0.5
b_initial =               0
j_target =                0.756
k_target =                0.125
b_target =                0
init_target_dot_squared = 0.983981
init_state = [0.282444, 0, 0.583481, 0, 0.282444, 0, 0.282444, 0, 0.583481, 0, 0.282444, 0, ]
target_state = [0.332392, 0, 0.528234, 0, 0.332392, 0, 0.332392, 0, 0.528234, 0, 0.332392, 0, ]
USE_ENERGY_DISTANCE =     false
PERIODIC =                false
UNIFORM_SITES =           true
DEVICE_DIMENSION =        2
MAX_PARAM =               1
MIN_PARAM =               0
MIN_PARAM =               0
DIAG =                    true
NUM_SEEDS =               1
DISTANCE_LIMIT =          0.01
TAU_INIT =                0.05
MAX_TAU =                 3
TAU_SCALAR =              1.15
TAU_SCALAR_TINY =         1.05
TAU_SCALAR_BIG =          1.3
ACCEPTANCE_PROB =         0.55
TEMP_EXP_DECAY =          0.8
MIN_TEMP_FRACTION =       0.01
TEMP_DECAY_ITERATIONS =   21
ZERO_TEMP_ITREATIONS =    15
RANDOM_STATES =           3
INIT_OVERLAP_LIMIT =      0.99999
END_PARAMETERS
##############################################################################
clock_duration  =         1.28682
tau =                     0.05
total_steps =             16
time_step =               0.003125
best_mc_result =          0.0148551
evolved_target_dot_squared =  0.985145
best_evolved_state = [0.27928, 0.0549161, 0.573015, 0.098122, 0.27928, 0.0549161, 0.27928, 0.0549161, 0.573015, 0.098122, 0.27928, 0.0549161, ]
distance =          0.927342
j_protocol =  [[1, 1, 1, 1, 1, 1, 1, 1, 1, 1, 1, 1, 1, 1, 1, 0, ],]
k_protocol =  [[0, 0, 0, 0, 0, 0, 0, 0, 0, 0, 1, 1, 1, 1, 1, 1, ],]
j_protocol_secondary =  [0, 0.00814549, 0.00814549, 0.0141309, 0.0141309, 0.0472507, 0.0473601, 0.0473601, 0.0499871, 0.0499871, ]
k_protocol_secondary =  [0.0115828, 0.0115828, 0.0242487, 0.0242487, 0.0305561, 0.0372153, 0.0372153, 0.0478738, 0.0478738, 0.05, ]
best_mc_result_fixed_tau =   [0.0148575, ]
evolved_state_fixed_tau =   [[0.2794, 0.0544893, 0.573321, 0.0961037, 0.2794, 0.0544893, 0.2794, 0.0544893, 0.573321, 0.0961037, 0.2794, 0.0544893, ],]
##############################################################################
clock_duration  =         2.71142
tau =                     0.13
total_steps =             16
time_step =               0.008125
best_mc_result =          0.00908876
evolved_target_dot_squared =  0.990911
best_evolved_state = [0.261609, 0.139395, 0.514735, 0.24353, 0.261609, 0.139395, 0.261609, 0.139395, 0.514735, 0.24353, 0.261609, 0.139395, ]
distance =          0.567374
j_protocol =  [[1, 1, 1, 1, 1, 1, 1, 1, 1, 1, 1, 1, 1, 1, 1, 0, ],]
k_protocol =  [[0, 0, 0, 0, 0, 0, 0, 0, 0, 0, 1, 1, 1, 1, 1, 1, ],]
j_protocol_secondary =  [0, 0.0211783, 0.0211783, 0.0367403, 0.0367403, 0.121875, 0.121875, 0.122744, 0.129966, 0.129966, ]
k_protocol_secondary =  [0.0301154, 0.0301154, 0.0630466, 0.0630466, 0.0803751, 0.0967597, 0.0967597, 0.124472, 0.124472, 0.13, ]
best_mc_result_fixed_tau =   [0.00909324, ]
evolved_state_fixed_tau =   [[0.262164, 0.138526, 0.515941, 0.240759, 0.262164, 0.138526, 0.262164, 0.138526, 0.515941, 0.240759, 0.262164, 0.138526, ],]
