START_PARAMETERS
MAX_STEPS_MCDB =               64
MIN_STEPS_MCDB =               4
STEPS_CRUNCH_MCDB =            1
SWEEPS_MCDB =                  100
TOTAL_STEP_CHANGES =                  7
MCBB_SECONDARY =                  1
SWEEPS_MCBB_SECONDARY =                  150
NUMBER_OF_BANGS =                  5
GROUND_E =                -2.03923
INITIAL_E =               -2.01686
j_initial =               0.024
k_initial =               0.5
b_initial =               0
j_target =                0.1
k_target =                0.5
b_target =                0
init_target_dot_squared = 0.989237
init_state = [0.0169413, 0, 0.706701, 0, 0.0169413, 0, 0.0169413, 0, 0.706701, 0, 0.0169413, 0, ]
target_state = [-0.0686928, 0, -0.700402, 0, -0.0686928, 0, -0.0686928, 0, -0.700402, 0, -0.0686928, 0, ]
USE_ENERGY_DISTANCE =     false
PERIODIC =                false
UNIFORM_SITES =           true
DEVICE_DIMENSION =        2
MAX_PARAM =               1
MIN_PARAM =               0
MIN_PARAM =               0
DIAG =                    true
NUM_SEEDS =               1
DISTANCE_LIMIT =          0.01
TAU_INIT =                0.05
MAX_TAU =                 3
TAU_SCALAR =              1.15
TAU_SCALAR_TINY =         1.05
TAU_SCALAR_BIG =          1.3
ACCEPTANCE_PROB =         0.55
TEMP_EXP_DECAY =          0.8
MIN_TEMP_FRACTION =       0.01
TEMP_DECAY_ITERATIONS =   21
ZERO_TEMP_ITREATIONS =    15
RANDOM_STATES =           3
INIT_OVERLAP_LIMIT =      0.99999
END_PARAMETERS
##############################################################################
clock_duration  =         1.24718
tau =                     0.05
total_steps =             16
time_step =               0.003125
best_mc_result =          0.010287
evolved_target_dot_squared =  0.989713
best_evolved_state = [0.0167437, 0.0121854, 0.692508, 0.139913, 0.0167437, 0.0121854, 0.0167437, 0.0121854, 0.692508, 0.139913, 0.0167437, 0.0121854, ]
distance =          0.955767
j_protocol =  [[1, 1, 0, 0, 0, 0, 0, 0, 0, 0, 0, 0, 0, 0, 0, 0, ],]
k_protocol =  [[1, 1, 1, 1, 1, 1, 1, 1, 1, 1, 1, 1, 1, 1, 1, 1, ],]
j_protocol_secondary =  [0, 0.00810446, 0.00810446, 0.00862376, 0.0141309, 0.0141309, 0.0473601, 0.0473601, 0.0499871, 0.0499871, ]
k_protocol_secondary =  [0.000368899, 0.0115828, 0.0115828, 0.0242487, 0.0242487, 0.0372153, 0.0372153, 0.0478738, 0.0478738, 0.05, ]
best_mc_result_fixed_tau =   [0.0103378, ]
evolved_state_fixed_tau =   [[0.0168283, 0.00883236, 0.692426, 0.140795, 0.0168283, 0.00883236, 0.0168283, 0.00883236, 0.692426, 0.140795, 0.0168283, 0.00883236, ],]
##############################################################################
clock_duration  =         2.46565
tau =                     0.13
total_steps =             16
time_step =               0.008125
best_mc_result =          0.00779036
evolved_target_dot_squared =  0.99221
best_evolved_state = [0.0156803, 0.0308731, 0.612844, 0.34932, 0.0156803, 0.0308731, 0.0156803, 0.0308731, 0.612844, 0.34932, 0.0156803, 0.0308731, ]
distance =          0.723804
j_protocol =  [[1, 1, 1, 0, 0, 0, 0, 0, 0, 0, 0, 0, 0, 0, 0, 0, ],]
k_protocol =  [[1, 1, 1, 1, 1, 1, 1, 1, 1, 1, 1, 1, 1, 1, 1, 1, ],]
j_protocol_secondary =  [0, 0.0211783, 0.0211783, 0.021882, 0.0367403, 0.0367403, 0.123136, 0.123136, 0.129966, 0.129966, ]
k_protocol_secondary =  [0.00102179, 0.0301154, 0.0301154, 0.0630466, 0.0630466, 0.0967597, 0.0967597, 0.124472, 0.124472, 0.13, ]
best_mc_result_fixed_tau =   [0.00784364, ]
evolved_state_fixed_tau =   [[0.0152243, 0.0343686, 0.611057, 0.351829, 0.0152243, 0.0343686, 0.0152243, 0.0343686, 0.611057, 0.351829, 0.0152243, 0.0343686, ],]
