START_PARAMETERS
MAX_STEPS_MCDB =               32
MIN_STEPS_MCDB =               4
STEPS_CRUNCH_MCDB =            1
SWEEPS_MCDB =                  100
TOTAL_STEP_CHANGES =                  6
MCBB_SECONDARY =                  1
SWEEPS_MCBB_SECONDARY =                  50
NUMBER_OF_BANGS =                  6
GROUND_E =                -3.76394
INITIAL_E =               -3.65288
j_initial =               0.51
k_initial =               0.062
b_initial =               0
j_target =                0.911
k_target =                0.5
b_target =                0
init_target_dot_squared = 0.979908
init_state = [0.338074, 0, 0.520972, 0, 0.338074, 0, 0.338074, 0, 0.520972, 0, 0.338074, 0, ]
target_state = [0.282444, 0, 0.583481, 0, 0.282444, 0, 0.282444, 0, 0.583481, 0, 0.282444, 0, ]
USE_ENERGY_DISTANCE =     false
PERIODIC =                false
UNIFORM_SITES =           true
DEVICE_DIMENSION =        2
MAX_PARAM =               1
MIN_PARAM =               0
MIN_PARAM =               0
DIAG =                    true
NUM_SEEDS =               1
NUMBER_OF_BANGS =               6
DISTANCE_LIMIT =          0.02
TAU_INIT =                0.05
MAX_TAU =                 5
TAU_SCALAR =              1.2
TAU_SCALAR_TINY =         1.1
TAU_SCALAR_BIG =          1.4
ACCEPTANCE_PROB =         0.85
TEMP_EXP_DECAY =          0.8
MIN_TEMP_FRACTION =       0.01
TEMP_DECAY_ITERATIONS =   21
ZERO_TEMP_ITREATIONS =    15
RANDOM_STATES =           3
END_PARAMETERS
##############################################################################
clock_duration  =         1.82525
tau =                     0.0125
total_steps =             32
time_step =               0.0015625
best_mc_result =          0.0200077
best_mc_result_non_secondary =          0
evolved_target_dot_squared =  0.979992
distance =          0.995811
j_protocol =  [[0, 0, 0, 0, 0, 0, 0, 0, 0, 0, 0, 0, 0, 0, 0, 0, 0, 0, 0, 0, 0, 0, 0, 0, 0, 0, 0, 0, 0, 0, 0, 0, ],]
k_protocol =  [[0, 0, 0, 0, 0, 0, 0, 0, 0, 0, 0, 0, 0, 0, 0, 0, 0, 0, 0, 0, 0, 0, 0, 0, 0, 0, 0, 0, 0, 0, 0, 0, ],]
j_protocol_secondary =  [0.00051779, 0.00301222, 0.00301222, 0.00373706, 0.00373706, 0.00628, 0.00628, 0.00882369, 0.00882369, 0.0124666, 0.0124666, 0.0125, ]
k_protocol_secondary =  [0, 0.000730572, 0.000730572, 0.00475952, 0.00738842, 0.00738842, 0.00833637, 0.00833637, 0.0109894, 0.0109894, 0.0115902, 0.0115902, ]
best_evolved_state = [0.33768, 0.0124797, 0.52053, 0.0261135, 0.33768, 0.0124797, 0.33768, 0.0124797, 0.52053, 0.0261135, 0.33768, 0.0124797, ]
best_mc_result_fixed_tau =   [0.0187702, ]
evolved_state_fixed_tau =   [[0.331749, 0.0501429, 0.51384, 0.10404, 0.331749, 0.0501429, 0.331749, 0.0501429, 0.51384, 0.10404, 0.331749, 0.0501429, ],]
