START_PARAMETERS
MAX_STEPS_MCDB =               32
MIN_STEPS_MCDB =               4
STEPS_CRUNCH_MCDB =            1
SWEEPS_MCDB =                  80
TOTAL_STEP_CHANGES =                  6
MCBB_SECONDARY =                  1
SWEEPS_MCBB_SECONDARY =                  150
NUMBER_OF_BANGS =                  4
GROUND_E =                -2.00435
INITIAL_E =               -1.96343
j_initial =               0.141
k_initial =               0.5
b_initial =               0
j_target =                0.033
k_target =                0.5
b_target =                0
init_target_dot_squared = 0.979632
init_state = [-0.0943014, 0, -0.694417, 0, -0.0943014, 0, -0.0943014, 0, -0.694417, 0, -0.0943014, 0, ]
target_state = [-0.0232587, 0, -0.706341, 0, -0.0232587, 0, -0.0232587, 0, -0.706341, 0, -0.0232587, 0, ]
USE_ENERGY_DISTANCE =     false
PERIODIC =                false
UNIFORM_SITES =           true
DEVICE_DIMENSION =        2
MAX_PARAM =               1
MIN_PARAM =               0
MIN_PARAM =               0
DIAG =                    true
NUM_SEEDS =               2
NUMBER_OF_BANGS =               4
DISTANCE_LIMIT =          0.02
TAU_INIT =                0.05
MAX_TAU =                 5
TAU_SCALAR =              1.2
TAU_SCALAR_TINY =         1.1
TAU_SCALAR_BIG =          1.3
ACCEPTANCE_PROB =         0.85
TEMP_EXP_DECAY =          0.8
MIN_TEMP_FRACTION =       0.01
TEMP_DECAY_ITERATIONS =   21
ZERO_TEMP_ITREATIONS =    20
RANDOM_STATES =           3
END_PARAMETERS
##############################################################################
clock_duration  =         5.53557
tau =                     0.025
total_steps =             32
time_step =               0.0015625
best_mc_result =          0.020152
best_mc_result_non_secondary =          0
evolved_target_dot_squared =  0.979848
distance =          0.989401
j_protocol =  [[0, 0, 0, 0, 0, 0, 0, 0, 0, 0, 0, 0, 0, 0, 0, 0, 0, 0, 0, 0, 0, 0, 0, 0, 0, 0, 0, 0, 0, 0, 0, 0, ],[0, 0, 0, 0, 0, 0, 0, 0, 0, 0, 0, 0, 0, 0, 0, 0, 0, 0, 0, 0, 0, 0, 0, 0, 0, 0, 0, 0, 0, 0, 0, 0, ],]
k_protocol =  [[0, 0, 0, 0, 0, 0, 0, 0, 0, 0, 0, 0, 0, 0, 0, 0, 0, 0, 0, 0, 0, 0, 0, 0, 0, 0, 0, 0, 0, 0, 0, 0, ],[0, 0, 0, 0, 0, 0, 0, 0, 0, 0, 0, 0, 0, 0, 0, 0, 0, 0, 0, 0, 0, 0, 0, 0, 0, 0, 0, 0, 0, 0, 0, 0, ],]
j_protocol_secondary =  [0.00652987, 0.00652987, 0.0105332, 0.0105332, 0.0192265, 0.0207484, 0.0207484, 0.025, ]
k_protocol_secondary =  [0, 0.00174778, 0.00174778, 0.00893029, 0.00893029, 0.0196691, 0.0196691, 0.0246419, ]
best_evolved_state = [-0.0935809, -0.00798642, -0.690932, -0.0705053, -0.0935809, -0.00798642, -0.0935809, -0.00798642, -0.690932, -0.0705053, -0.0935809, -0.00798642, ]
best_mc_result_fixed_tau =   [0.0195164, 0.0195164, ]
evolved_state_fixed_tau =   [[-0.0915721, -0.0149471, -0.68103, -0.137768, -0.0915721, -0.0149471, -0.0915721, -0.0149471, -0.68103, -0.137768, -0.0915721, -0.0149471, ],[-0.0915721, -0.0149471, -0.68103, -0.137768, -0.0915721, -0.0149471, -0.0915721, -0.0149471, -0.68103, -0.137768, -0.0915721, -0.0149471, ],]
