START_PARAMETERS
MAX_STEPS_MCDB =               32
MIN_STEPS_MCDB =               4
STEPS_CRUNCH_MCDB =            1
SWEEPS_MCDB =                  100
TOTAL_STEP_CHANGES =                  6
MCBB_SECONDARY =                  1
SWEEPS_MCBB_SECONDARY =                  50
NUMBER_OF_BANGS =                  6
GROUND_E =                -2.99419
INITIAL_E =               -2.90857
j_initial =               0.751
k_initial =               0.25
b_initial =               0
j_target =                0.61
k_target =                0.5
b_target =                0
init_target_dot_squared = 0.978532
init_state = [-0.310418, 0, -0.55433, 0, -0.310418, 0, -0.310418, 0, -0.55433, 0, -0.310418, 0, ]
target_state = [-0.249636, 0, -0.61267, 0, -0.249636, 0, -0.249636, 0, -0.61267, 0, -0.249636, 0, ]
USE_ENERGY_DISTANCE =     false
PERIODIC =                false
UNIFORM_SITES =           true
DEVICE_DIMENSION =        2
MAX_PARAM =               1
MIN_PARAM =               0
MIN_PARAM =               0
DIAG =                    true
NUM_SEEDS =               2
DISTANCE_LIMIT =          0.02
TAU_INIT =                0.05
MAX_TAU =                 5
TAU_SCALAR =              1.2
TAU_SCALAR_TINY =         1.1
TAU_SCALAR_BIG =          1.4
ACCEPTANCE_PROB =         0.85
TEMP_EXP_DECAY =          0.8
MIN_TEMP_FRACTION =       0.01
TEMP_DECAY_ITERATIONS =   21
ZERO_TEMP_ITREATIONS =    15
RANDOM_STATES =           3
END_PARAMETERS
##############################################################################
clock_duration  =         5.37601
tau =                     0.046875
total_steps =             32
time_step =               0.0015625
best_mc_result =          0.0200828
best_mc_result_non_secondary =          0.0198969
evolved_target_dot_squared =  0.979917
distance =          0.935454
j_protocol =  [[0, 0, 0, 0, 1, 1, 1, 1, 1, 1, 1, 1, 1, 1, 1, 1, 1, 1, 1, 1, 1, 1, 1, 1, 1, 1, 1, 1, 1, 1, 1, 1, ],[0, 0, 0, 0, 1, 1, 1, 1, 1, 1, 1, 1, 1, 1, 1, 1, 1, 1, 1, 1, 1, 1, 1, 1, 1, 1, 1, 1, 1, 1, 1, 1, ],]
k_protocol =  [[1, 1, 1, 1, 1, 1, 1, 1, 1, 1, 1, 1, 1, 1, 1, 1, 1, 0, 0, 0, 0, 0, 0, 0, 0, 0, 0, 0, 0, 0, 0, 0, ],[1, 1, 1, 1, 1, 1, 1, 1, 1, 1, 1, 1, 1, 1, 1, 1, 1, 0, 0, 0, 0, 0, 0, 0, 0, 0, 0, 0, 0, 0, 0, 0, ],]
j_protocol_secondary =  [0.00611419, 0.010449, 0.010449, 0.0213418, 0.0213418, 0.0248102, 0.0248102, 0.0370567, 0.0370567, 0.0434424, 0.0434424, 0.046875, ]
k_protocol_secondary =  [0, 0.0045553, 0.0045553, 0.00582514, 0.00582514, 0.0244463, 0.0375061, 0.0375061, 0.0451126, 0.0451126, 0.0453876, 0.0453876, ]
best_evolved_state = [-0.304697, -0.0448813, -0.547182, -0.104323, -0.304697, -0.0448813, -0.304697, -0.0448813, -0.547182, -0.104323, -0.304697, -0.0448813, ]
best_mc_result_fixed_tau =   [0.0198969, 0.0198969, ]
evolved_state_fixed_tau =   [[-0.303823, -0.0481176, -0.54596, -0.112604, -0.303823, -0.0481176, -0.303823, -0.0481176, -0.54596, -0.112604, -0.303823, -0.0481176, ],[-0.303823, -0.0481176, -0.54596, -0.112604, -0.303823, -0.0481176, -0.303823, -0.0481176, -0.54596, -0.112604, -0.303823, -0.0481176, ],]
