START_PARAMETERS
MAX_STEPS_MCDB =               32
MIN_STEPS_MCDB =               4
STEPS_CRUNCH_MCDB =            1
SWEEPS_MCDB =                  100
TOTAL_STEP_CHANGES =                  6
MCBB_SECONDARY =                  1
SWEEPS_MCBB_SECONDARY =                  50
NUMBER_OF_BANGS =                  6
GROUND_E =                -1.85353
INITIAL_E =               -1.78814
j_initial =               0.745
k_initial =               0.5
b_initial =               0
j_target =                0.56
k_target =                0.125
b_target =                0
init_target_dot_squared = 0.979612
init_state = [0.267222, 0, 0.597649, 0, 0.267222, 0, 0.267222, 0, 0.597649, 0, 0.267222, 0, ]
target_state = [0.324826, 0, 0.537565, 0, 0.324826, 0, 0.324826, 0, 0.537565, 0, 0.324826, 0, ]
USE_ENERGY_DISTANCE =     false
PERIODIC =                false
UNIFORM_SITES =           true
DEVICE_DIMENSION =        2
MAX_PARAM =               1
MIN_PARAM =               0
MIN_PARAM =               0
DIAG =                    true
NUM_SEEDS =               1
NUMBER_OF_BANGS =               6
DISTANCE_LIMIT =          0.02
TAU_INIT =                0.05
MAX_TAU =                 5
TAU_SCALAR =              1.2
TAU_SCALAR_TINY =         1.1
TAU_SCALAR_BIG =          1.4
ACCEPTANCE_PROB =         0.85
TEMP_EXP_DECAY =          0.8
MIN_TEMP_FRACTION =       0.01
TEMP_DECAY_ITERATIONS =   21
ZERO_TEMP_ITREATIONS =    15
RANDOM_STATES =           3
END_PARAMETERS
##############################################################################
clock_duration  =         2.15451
tau =                     0.025
total_steps =             32
time_step =               0.0015625
best_mc_result =          0.0200214
best_mc_result_non_secondary =          0
evolved_target_dot_squared =  0.979979
distance =          0.982026
j_protocol =  [[0, 0, 0, 0, 0, 0, 0, 0, 0, 0, 0, 0, 0, 0, 0, 0, 0, 0, 0, 0, 0, 0, 0, 0, 0, 0, 0, 0, 0, 0, 0, 0, ],]
k_protocol =  [[0, 0, 0, 0, 0, 0, 0, 0, 0, 0, 0, 0, 0, 0, 0, 0, 0, 0, 0, 0, 0, 0, 0, 0, 0, 0, 0, 0, 0, 0, 0, 0, ],]
j_protocol_secondary =  [0, 0.00540633, 0.00540633, 0.0190664, 0.0190664, 0.0205309, 0.0205309, 0.0226563, 0.0226563, 0.0229415, 0.0230986, 0.0230986, ]
k_protocol_secondary =  [0.0045259, 0.0045259, 0.00766829, 0.00766829, 0.0119967, 0.0119967, 0.0137366, 0.0175427, 0.0175427, 0.0230631, 0.0230631, 0.025, ]
best_evolved_state = [0.266458, 0.0273941, 0.594863, 0.0513598, 0.266458, 0.0273941, 0.266458, 0.0273941, 0.594863, 0.0513598, 0.266458, 0.0273941, ]
best_mc_result_fixed_tau =   [0.0189464, ]
evolved_state_fixed_tau =   [[0.264329, 0.053955, 0.58688, 0.100052, 0.264329, 0.053955, 0.264329, 0.053955, 0.58688, 0.100052, 0.264329, 0.053955, ],]
