START_PARAMETERS
MAX_STEPS_MCDB =               128
MIN_STEPS_MCDB =               8
STEPS_CRUNCH_MCDB =               1
SWEEPS_MCDB =                  150
GROUND_E =                -4.61051
INITIAL_E =               -4.60788
j_initial =               0.95
k_initial =               0.95
b_initial =               0
j_target =                0.8
k_target =                0.875
b_target =                0
init_target_dot_squared = 0.999541
init_state = [0.22985, 0, 0.627963, 0, 0.22985, 0, 0.22985, 0, 0.627963, 0, 0.22985, 0, ]
target_state = [0.22029, 0, 0.634779, 0, 0.22029, 0, 0.22029, 0, 0.634779, 0, 0.22029, 0, ]
PERIODIC =                false
UNIFORM_SITES =           true
DEVICE_DIMENSION =        2
MAX_PARAM =               1
MIN_PARAM =               0
MIN_PARAM =               0
DIAG =                    false
NUM_SEEDS =               4
DISTANCE_LIMIT =          0.05
TAU_INIT =                0.1
MAX_TAU =                 5
TAU_SCALAR =              1.1
TAU_SCALAR_TINY =         1.05
TAU_SCALAR_BIG =          1.2
ACCEPTANCE_PROB =         0.85
TEMP_EXP_DECAY =          0.8
TEMP_DECAY_ITERATIONS =   25
TEMP_DECAY_LIMIT =        15
RANDOM_STATES =           3
END_PARAMETERS
##############################################################################
clock_duration  =         6.8609
tau =               0.1
total_steps =       32
time_step =         0.003125
best_E =            -4.61048
evolved_target_dot_squared =   0.999994
best_evolved_state = [0.205198, 0.0829782, 0.587675, 0.238024, 0.205198, 0.0829782, 0.205198, 0.0829782, 0.587675, 0.238024, 0.205198, 0.0829782, ]
distance =          0.0120693
j_protocol =  [[0, 0, 0, 0, 0, 0, 0, 0, 0, 0, 1, 1, 1, 1, 1, 1, 1, 1, 1, 1, 1, 1, 1, 1, 1, 1, 1, 1, 1, 1, 1, 1, ],[0, 0, 0, 0, 1, 0, 0, 0, 1, 1, 0, 0, 0, 1, 1, 1, 1, 1, 1, 1, 1, 1, 1, 1, 1, 1, 1, 1, 1, 1, 1, 1, ],[0, 0, 0, 1, 0, 0, 0, 0, 0, 0, 1, 1, 1, 1, 1, 1, 1, 0, 1, 1, 1, 1, 1, 1, 1, 1, 1, 1, 1, 1, 1, 1, ],[0, 0, 0, 0, 0, 0, 0, 0, 0, 0, 0, 0, 1, 1, 1, 1, 1, 1, 1, 1, 1, 1, 1, 1, 1, 1, 1, 1, 1, 1, 1, 1, ],]
k_protocol =  [[1, 1, 1, 1, 1, 1, 1, 1, 1, 1, 1, 1, 1, 1, 1, 1, 1, 1, 1, 1, 1, 1, 1, 0, 0, 0, 0, 0, 0, 0, 0, 0, ],[1, 1, 1, 1, 1, 1, 1, 1, 1, 1, 1, 1, 1, 1, 1, 1, 1, 1, 1, 0, 1, 1, 1, 0, 0, 1, 0, 0, 0, 0, 0, 0, ],[1, 1, 1, 1, 1, 1, 1, 1, 1, 1, 1, 1, 1, 1, 1, 1, 1, 1, 1, 1, 1, 1, 0, 1, 0, 0, 0, 0, 0, 0, 0, 0, ],[1, 1, 1, 1, 1, 1, 1, 1, 1, 1, 1, 1, 1, 1, 1, 1, 0, 1, 1, 0, 0, 1, 1, 0, 1, 0, 0, 0, 0, 0, 0, 0, ],]
b_protocol =  [[1, 1, 1, 1, 1, 1, 1, 1, 1, 1, 1, 1, 1, 1, 1, 1, 1, 1, 1, 1, 1, 1, 1, 1, 1, 1, 1, 1, 1, 1, 1, 1, ],[1, 1, 1, 1, 1, 1, 1, 1, 1, 1, 1, 1, 1, 1, 1, 1, 1, 1, 1, 1, 1, 1, 1, 1, 1, 1, 1, 1, 1, 1, 1, 1, ],[1, 1, 1, 1, 1, 1, 1, 1, 1, 1, 1, 1, 1, 1, 1, 1, 1, 1, 1, 1, 1, 1, 1, 1, 1, 1, 1, 1, 1, 1, 1, 1, ],[1, 1, 1, 1, 1, 1, 1, 1, 1, 1, 1, 1, 1, 1, 1, 1, 1, 1, 1, 1, 1, 1, 1, 1, 1, 1, 1, 1, 1, 1, 1, 1, ],]
best_E_fixed_tau =   [-4.61048, -4.6104, -4.61042, -4.61043, ]
evolved_state_fixed_tau =   [[0.205198, 0.0829782, 0.587675, 0.238024, 0.205198, 0.0829782, 0.205198, 0.0829782, 0.587675, 0.238024, 0.205198, 0.0829782, ],[0.206064, 0.0830732, 0.587021, 0.238075, 0.206064, 0.0830732, 0.206064, 0.0830732, 0.587021, 0.238075, 0.206064, 0.0830732, ],[0.205924, 0.0830286, 0.587127, 0.238087, 0.205924, 0.0830286, 0.205924, 0.0830286, 0.587127, 0.238087, 0.205924, 0.0830286, ],[0.208501, 0.0758572, 0.595045, 0.21787, 0.208501, 0.0758572, 0.208501, 0.0758572, 0.595045, 0.21787, 0.208501, 0.0758572, ],]
