START_PARAMETERS
MAX_STEPS_MCDB =               32
MIN_STEPS_MCDB =               4
STEPS_CRUNCH_MCDB =            1
SWEEPS_MCDB =                  100
TOTAL_STEP_CHANGES =                  6
MCBB_SECONDARY =                  1
SWEEPS_MCBB_SECONDARY =                  50
NUMBER_OF_BANGS =                  6
GROUND_E =                -2.26515
INITIAL_E =               -2.21013
j_initial =               0.5
k_initial =               0.5
b_initial =               0
j_target =                0.274
k_target =                0.5
b_target =                0
init_target_dot_squared = 0.978254
init_state = [-0.22985, 0, -0.627963, 0, -0.22985, 0, -0.22985, 0, -0.627963, 0, -0.22985, 0, ]
target_state = [-0.161857, 0, -0.669033, 0, -0.161857, 0, -0.161857, 0, -0.669033, 0, -0.161857, 0, ]
USE_ENERGY_DISTANCE =     false
PERIODIC =                false
UNIFORM_SITES =           true
DEVICE_DIMENSION =        2
MAX_PARAM =               1
MIN_PARAM =               0
MIN_PARAM =               0
DIAG =                    true
NUM_SEEDS =               1
NUMBER_OF_BANGS =               6
DISTANCE_LIMIT =          0.02
TAU_INIT =                0.05
MAX_TAU =                 5
TAU_SCALAR =              1.2
TAU_SCALAR_TINY =         1.1
TAU_SCALAR_BIG =          1.4
ACCEPTANCE_PROB =         0.85
TEMP_EXP_DECAY =          0.8
MIN_TEMP_FRACTION =       0.01
TEMP_DECAY_ITERATIONS =   21
ZERO_TEMP_ITREATIONS =    15
RANDOM_STATES =           3
END_PARAMETERS
##############################################################################
clock_duration  =         1.51127
tau =                     0.05
total_steps =             32
time_step =               0.0015625
best_mc_result =          0.0201607
best_mc_result_non_secondary =          0.0201625
evolved_target_dot_squared =  0.979839
distance =          0.927077
j_protocol =  [[0, 0, 0, 0, 0, 0, 0, 0, 0, 0, 0, 0, 0, 1, 1, 1, 1, 1, 1, 1, 1, 1, 1, 1, 1, 1, 1, 1, 1, 1, 1, 1, ],]
k_protocol =  [[1, 1, 1, 1, 1, 1, 1, 1, 1, 1, 1, 1, 1, 1, 1, 1, 1, 1, 1, 1, 1, 1, 1, 1, 1, 0, 0, 0, 0, 0, 0, 0, ],]
j_protocol_secondary =  [0.0196784, 0.022161, 0.022161, 0.0237985, 0.0237985, 0.0307986, 0.0307986, 0.0336393, 0.0336393, 0.0372626, 0.0372626, 0.05, ]
k_protocol_secondary =  [0, 0.00534474, 0.00534474, 0.00587184, 0.00587184, 0.00757584, 0.00757584, 0.032437, 0.032437, 0.0392456, 0.0410335, 0.0410335, ]
best_evolved_state = [-0.224012, -0.0376683, -0.61725, -0.125705, -0.224012, -0.0376683, -0.224012, -0.0376683, -0.61725, -0.125705, -0.224012, -0.0376683, ]
best_mc_result_fixed_tau =   [0.0201625, ]
evolved_state_fixed_tau =   [[-0.22412, -0.036881, -0.617474, -0.124683, -0.22412, -0.036881, -0.22412, -0.036881, -0.617474, -0.124683, -0.22412, -0.036881, ],]
##############################################################################
clock_duration  =         5.96711
tau =                     0.0528125
total_steps =             32
time_step =               0.004375
best_mc_result =          0.0199815
best_mc_result_non_secondary =          0
evolved_target_dot_squared =  0.980018
distance =          0.918839
j_protocol =  [[0, 0, 0, 0, 0, 0, 0, 0, 0, 0, 0, 0, 0, 0, 0, 0, 0, 0, 0, 0, 0, 0, 0, 0, 0, 0, 0, 0, 0, 0, 0, 0, ],]
k_protocol =  [[0, 0, 0, 0, 0, 0, 0, 0, 0, 0, 0, 0, 0, 0, 0, 0, 0, 0, 0, 0, 0, 0, 0, 0, 0, 0, 0, 0, 0, 0, 0, 0, ],]
j_protocol_secondary =  [0.00480363, 0.00480363, 0.0134878, 0.0134878, 0.0159294, 0.0159294, 0.0207735, 0.0275546, 0.0275546, 0.0323109, 0.0323109, 0.0528125, ]
k_protocol_secondary =  [0, 0.0158506, 0.0158506, 0.0182934, 0.0182934, 0.0288788, 0.0288788, 0.0412598, 0.0412598, 0.0414782, 0.0419138, 0.0419138, ]
best_evolved_state = [-0.223336, -0.0397513, -0.616001, -0.132757, -0.223336, -0.0397513, -0.223336, -0.0397513, -0.616001, -0.132757, -0.223336, -0.0397513, ]
best_mc_result_fixed_tau =   [0.0110925, ]
evolved_state_fixed_tau =   [[-0.186197, -0.095711, -0.547626, -0.33533, -0.186197, -0.095711, -0.186197, -0.095711, -0.547626, -0.33533, -0.186197, -0.095711, ],]
