START_PARAMETERS
MAX_STEPS_MCDB =               32
MIN_STEPS_MCDB =               4
STEPS_CRUNCH_MCDB =            1
SWEEPS_MCDB =                  100
TOTAL_STEP_CHANGES =                  6
MCBB_SECONDARY =                  1
SWEEPS_MCBB_SECONDARY =                  50
NUMBER_OF_BANGS =                  6
GROUND_E =                -2.52913
INITIAL_E =               -2.45741
j_initial =               0.824
k_initial =               0.5
b_initial =               0
j_target =                0.409
k_target =                0.5
b_target =                0
init_target_dot_squared = 0.976546
init_state = [0.275158, 0, 0.590404, 0, 0.275158, 0, 0.275158, 0, 0.590404, 0, 0.275158, 0, ]
target_state = [0.207977, 0, 0.643033, 0, 0.207977, 0, 0.207977, 0, 0.643033, 0, 0.207977, 0, ]
USE_ENERGY_DISTANCE =     false
PERIODIC =                false
UNIFORM_SITES =           true
DEVICE_DIMENSION =        2
MAX_PARAM =               1
MIN_PARAM =               0
MIN_PARAM =               0
DIAG =                    true
NUM_SEEDS =               1
NUMBER_OF_BANGS =               6
DISTANCE_LIMIT =          0.02
TAU_INIT =                0.05
MAX_TAU =                 5
TAU_SCALAR =              1.2
TAU_SCALAR_TINY =         1.1
TAU_SCALAR_BIG =          1.4
ACCEPTANCE_PROB =         0.85
TEMP_EXP_DECAY =          0.8
MIN_TEMP_FRACTION =       0.01
TEMP_DECAY_ITERATIONS =   21
ZERO_TEMP_ITREATIONS =    15
RANDOM_STATES =           3
END_PARAMETERS
##############################################################################
clock_duration  =         1.08049
tau =                     0.05
total_steps =             32
time_step =               0.0015625
best_mc_result =          0.0217249
best_mc_result_non_secondary =          0.0217254
evolved_target_dot_squared =  0.978275
distance =          0.926292
j_protocol =  [[0, 0, 0, 0, 0, 0, 0, 0, 1, 1, 1, 1, 1, 1, 1, 1, 1, 1, 1, 1, 1, 1, 1, 1, 1, 1, 1, 1, 1, 1, 1, 1, ],]
k_protocol =  [[1, 1, 1, 1, 1, 1, 1, 1, 1, 1, 1, 1, 1, 1, 1, 1, 1, 1, 1, 1, 1, 0, 0, 0, 0, 0, 0, 0, 0, 0, 0, 0, ],]
j_protocol_secondary =  [0.0125454, 0.0245421, 0.0245421, 0.0308324, 0.0308324, 0.0311337, 0.0311337, 0.0320703, 0.0320703, 0.032271, 0.032271, 0.05, ]
k_protocol_secondary =  [0, 0.00546103, 0.00546103, 0.0105418, 0.0105418, 0.0189887, 0.0189887, 0.0278494, 0.0278494, 0.033137, 0.0371634, 0.0371634, ]
best_evolved_state = [0.268775, 0.0438173, 0.581004, 0.118806, 0.268775, 0.0438173, 0.268775, 0.0438173, 0.581004, 0.118806, 0.268775, 0.0438173, ]
best_mc_result_fixed_tau =   [0.0217254, ]
evolved_state_fixed_tau =   [[0.268795, 0.0438747, 0.581121, 0.118098, 0.268795, 0.0438747, 0.268795, 0.0438747, 0.581121, 0.118098, 0.268795, 0.0438747, ],]
##############################################################################
clock_duration  =         2.91237
tau =                     0.0725
total_steps =             32
time_step =               0.004375
best_mc_result =          0.0199031
best_mc_result_non_secondary =          0
evolved_target_dot_squared =  0.980097
distance =          0.848616
j_protocol =  [[0, 0, 0, 0, 0, 0, 0, 0, 0, 0, 0, 0, 0, 0, 0, 0, 0, 0, 0, 0, 0, 0, 0, 0, 0, 0, 0, 0, 0, 0, 0, 0, ],]
k_protocol =  [[0, 0, 0, 0, 0, 0, 0, 0, 0, 0, 0, 0, 0, 0, 0, 0, 0, 0, 0, 0, 0, 0, 0, 0, 0, 0, 0, 0, 0, 0, 0, 0, ],]
j_protocol_secondary =  [0.000697451, 0.000697451, 0.0180673, 0.0180673, 0.0182286, 0.0466557, 0.0466557, 0.0596397, 0.0596397, 0.0656008, 0.0656008, 0.0725, ]
k_protocol_secondary =  [0, 0.0158264, 0.0158264, 0.0183812, 0.0183812, 0.0422923, 0.0422923, 0.0480316, 0.0499442, 0.0499442, 0.0684061, 0.0684061, ]
best_evolved_state = [0.2618, 0.0628406, 0.570739, 0.171116, 0.2618, 0.0628406, 0.2618, 0.0628406, 0.570739, 0.171116, 0.2618, 0.0628406, ]
best_mc_result_fixed_tau =   [0.011813, ]
evolved_state_fixed_tau =   [[0.22644, 0.115216, 0.519325, 0.318123, 0.22644, 0.115216, 0.22644, 0.115216, 0.519325, 0.318123, 0.22644, 0.115216, ],]
