START_PARAMETERS
MAX_STEPS_MCDB =               32
MIN_STEPS_MCDB =               4
STEPS_CRUNCH_MCDB =            1
SWEEPS_MCDB =                  100
TOTAL_STEP_CHANGES =                  6
MCBB_SECONDARY =                  1
SWEEPS_MCBB_SECONDARY =                  50
NUMBER_OF_BANGS =                  6
GROUND_E =                -2.008
INITIAL_E =               -1.9468
j_initial =               0.841
k_initial =               0.062
b_initial =               0
j_target =                0.503
k_target =                0.25
b_target =                0
init_target_dot_squared = 0.979707
init_state = [0.344228, 0, 0.51285, 0, 0.344228, 0, 0.344228, 0, 0.51285, 0, 0.344228, 0, ]
target_state = [0.289058, 0, 0.576967, 0, 0.289058, 0, 0.289058, 0, 0.576967, 0, 0.289058, 0, ]
USE_ENERGY_DISTANCE =     false
PERIODIC =                false
UNIFORM_SITES =           true
DEVICE_DIMENSION =        2
MAX_PARAM =               1
MIN_PARAM =               0
MIN_PARAM =               0
DIAG =                    true
NUM_SEEDS =               1
NUMBER_OF_BANGS =               6
DISTANCE_LIMIT =          0.02
TAU_INIT =                0.05
MAX_TAU =                 5
TAU_SCALAR =              1.2
TAU_SCALAR_TINY =         1.1
TAU_SCALAR_BIG =          1.4
ACCEPTANCE_PROB =         0.85
TEMP_EXP_DECAY =          0.8
MIN_TEMP_FRACTION =       0.01
TEMP_DECAY_ITERATIONS =   21
ZERO_TEMP_ITREATIONS =    15
RANDOM_STATES =           3
END_PARAMETERS
##############################################################################
clock_duration  =         1.96761
tau =                     0.025
total_steps =             32
time_step =               0.0015625
best_mc_result =          0.0199714
best_mc_result_non_secondary =          0
evolved_target_dot_squared =  0.980029
distance =          0.984151
j_protocol =  [[0, 0, 0, 0, 0, 0, 0, 0, 0, 0, 0, 0, 0, 0, 0, 0, 0, 0, 0, 0, 0, 0, 0, 0, 0, 0, 0, 0, 0, 0, 0, 0, ],]
k_protocol =  [[0, 0, 0, 0, 0, 0, 0, 0, 0, 0, 0, 0, 0, 0, 0, 0, 0, 0, 0, 0, 0, 0, 0, 0, 0, 0, 0, 0, 0, 0, 0, 0, ],]
j_protocol_secondary =  [0.000594542, 0.00333376, 0.00333376, 0.0122707, 0.0122707, 0.0190703, 0.0190703, 0.022259, 0.022259, 0.0244236, 0.0244236, 0.025, ]
k_protocol_secondary =  [0, 0.00370462, 0.00370462, 0.00837042, 0.00837042, 0.0086876, 0.0145445, 0.0145445, 0.0146175, 0.0146175, 0.0188286, 0.0188286, ]
best_evolved_state = [0.342673, 0.024994, 0.511139, 0.0513614, 0.342673, 0.024994, 0.342673, 0.024994, 0.511139, 0.0513614, 0.342673, 0.024994, ]
best_mc_result_fixed_tau =   [0.0190322, ]
evolved_state_fixed_tau =   [[0.338108, 0.0493831, 0.506159, 0.101449, 0.338108, 0.0493831, 0.338108, 0.0493831, 0.506159, 0.101449, 0.338108, 0.0493831, ],]
