START_PARAMETERS
NUM_SEEDS =                    3
DISTANCE_LIMIT_MCDB =          0.05
TAU_INIT_MCDB =                0.5
MAX_TAU_MCDB =                 5
TAU_SCALAR_MCDB =              1.3
TAU_SCALAR_MCDB_TINY =         1.1
TAU_SCALAR_MCDB_BIG =          1.5
ACCEPTANCE_PROB_MCDB =         0.8
TEMP_EXP_DECAY_MCDB =          0.8
BINARY_SEARCH_TAU_LIMIT_MCDB = 0.005
RANDOM_STATES_MCDB =           3
MAX_STEPS_MCDB =               128
MIN_STEPS_MCDB =               8
SWEEPS_MCDB =                  50
TEMP_DECAY_ITERATIONS_MCDB =   10
TEMP_DECAY_LIMIT_MCDB =        7
MAX_TAU_STEPS_MCDB =           25
MAX_BS_STEPS_MCDB =            9
GROUND_E =                   2.16311
INITIAL_E =                  2.18195
j_initial =        0.05
k_initial =        0.95
b_initial =        0
j_target =         0.05
k_target =         0.275
b_target =         0
state_overlap_squared =    0.972107
PERIODIC =         false
UNIFORM_SITES =    true
DEVICE_DIMENSION = 2
MAX_PARAM =        1
MIN_PARAM =        0
END_PARAMETERS
##############################################################################
tau =               0.5
total_steps =       16
time_step =         0.03125
best_E =            2.16885
distance =          0.304682
j_protocol =  [[1, 0, 0, 0, 0, 0, 0, 0, 1, 0, 0, 0, 0, 0, 0, 0, ],[1, 0, 0, 0, 0, 0, 0, 0, 1, 0, 0, 0, 0, 0, 0, 0, ],[1, 0, 0, 0, 0, 0, 0, 0, 0, 1, 0, 0, 0, 0, 0, 0, ],]
k_protocol =  [[1, 1, 1, 1, 1, 1, 1, 1, 1, 1, 1, 1, 1, 1, 1, 1, ],[1, 1, 1, 1, 1, 1, 1, 1, 1, 1, 1, 1, 1, 1, 1, 1, ],[1, 1, 1, 1, 1, 1, 1, 1, 1, 1, 1, 1, 1, 1, 1, 1, ],]
b_protocol =  [[1, 1, 1, 1, 1, 1, 1, 1, 1, 1, 1, 1, 1, 1, 1, 1, ],[1, 1, 1, 1, 1, 1, 1, 1, 1, 1, 1, 1, 1, 1, 1, 1, ],[1, 1, 1, 1, 1, 1, 1, 1, 1, 1, 1, 1, 1, 1, 1, 1, ],]
best_E_fixed_tau =   [2.16887, 2.16887, 2.16885, ]
##############################################################################
tau =               0.65
total_steps =       16
time_step =         0.040625
best_E =            2.16851
distance =          0.287003
j_protocol =  [[0, 1, 0, 0, 0, 0, 0, 0, 0, 0, 0, 1, 0, 0, 0, 0, ],[1, 0, 0, 0, 0, 0, 0, 0, 0, 0, 1, 0, 0, 0, 0, 0, ],[0, 1, 0, 0, 0, 0, 0, 0, 0, 0, 0, 1, 0, 0, 0, 0, ],]
k_protocol =  [[1, 1, 1, 1, 1, 1, 1, 1, 1, 1, 1, 1, 1, 1, 1, 1, ],[1, 1, 1, 1, 1, 1, 1, 1, 1, 1, 0, 1, 1, 1, 1, 1, ],[1, 1, 1, 1, 1, 1, 1, 1, 1, 1, 1, 1, 1, 1, 1, 1, ],]
b_protocol =  [[1, 1, 1, 1, 1, 1, 1, 1, 1, 1, 1, 1, 1, 1, 1, 1, ],[1, 1, 1, 1, 1, 1, 1, 1, 1, 1, 1, 1, 1, 1, 1, 1, ],[1, 1, 1, 1, 1, 1, 1, 1, 1, 1, 1, 1, 1, 1, 1, 1, ],]
best_E_fixed_tau =   [2.16851, 2.16882, 2.16851, ]
##############################################################################
tau =               0.975
total_steps =       16
time_step =         0.0609375
best_E =            2.16877
distance =          0.300451
j_protocol =  [[0, 0, 0, 1, 0, 0, 0, 0, 0, 0, 0, 0, 1, 0, 0, 0, ],[0, 0, 0, 1, 0, 0, 0, 0, 0, 0, 0, 0, 1, 0, 0, 0, ],[0, 0, 1, 0, 0, 0, 0, 0, 0, 0, 0, 0, 1, 0, 0, 0, ],]
k_protocol =  [[1, 1, 1, 1, 1, 1, 1, 1, 1, 1, 1, 1, 1, 1, 1, 1, ],[1, 1, 1, 1, 1, 1, 1, 1, 1, 1, 1, 1, 1, 1, 1, 1, ],[1, 1, 0, 1, 1, 1, 1, 1, 1, 1, 1, 1, 0, 1, 1, 1, ],]
b_protocol =  [[1, 1, 1, 1, 1, 1, 1, 1, 1, 1, 1, 1, 1, 1, 1, 1, ],[1, 1, 1, 1, 1, 1, 1, 1, 1, 1, 1, 1, 1, 1, 1, 1, ],[1, 1, 1, 1, 1, 1, 1, 1, 1, 1, 1, 1, 1, 1, 1, 1, ],]
best_E_fixed_tau =   [2.16877, 2.16877, 2.16913, ]
