  TAU  | TOTAL STEPS | SEED |
 0.100 |       3     |  1   |
j_initial= 0.025
k_initial= 0
b_initial= 0.975
j_target= 0.5
k_target= 0
b_target= 0.5


pre_tau= 0.1
pre_steps= 3

pre_j_protocol= [0.000324489, 0.00312445, 0.00175589, ]
pre_k_protocol= [0.272185, 0.000114381, 0.184041, ]
pre_b_protocol= [0.002022, 0.337557, 0.00233257, ]

j_protocol= [0.272185, 0.000114381, 0.184041, ]

k_protocol= [0.000324489, 0.00312445, 0.00175589, ]

b_protocol= [0.002022, 0.337557, 0.00233257, ]

times= [0, 0.1, ]

E_best = [-2.73227, -2.82842, ]

E_ground = [-2.82843, -2.82843, ]
plot(times, E_best)
hold on
plot(times, E_ground)
plot(0.1,-2.82842,'r*')
hold off








  TAU  | TOTAL STEPS | SEED |
 0.100 |       3     |  2   |
j_initial= 0.025
k_initial= 0
b_initial= 0.975
j_target= 0.5
k_target= 0
b_target= 0.5


pre_tau= 0.1
pre_steps= 3

pre_j_protocol= [0.000926228, 0.00273061, 0.000367802, ]
pre_k_protocol= [8.20815e-05, 0.00466248, 0.0047491, ]
pre_b_protocol= [0.000994903, 0.00154086, 0.000322393, ]

j_protocol= [8.20815e-05, 0.00466248, 0.0047491, ]

k_protocol= [0.000926228, 0.00273061, 0.000367802, ]

b_protocol= [0.000994903, 0.00154086, 0.000322393, ]

times= [0, 0.1, ]

E_best = [-2.63754, -2.82843, ]

E_ground = [-2.82843, -2.82843, ]
plot(times, E_best)
hold on
plot(times, E_ground)
plot(0.1,-2.82843,'r*')
hold off








  TAU  | TOTAL STEPS | SEED |
 0.100 |       3     |  3   |
j_initial= 0.025
k_initial= 0
b_initial= 0.975
j_target= 0.5
k_target= 0
b_target= 0.5


pre_tau= 0.1
pre_steps= 3

pre_j_protocol= [0.00314782, 0.00132858, 0.00294696, ]
pre_k_protocol= [0.00072488, 0.000904744, 0.00431133, ]
pre_b_protocol= [0.000797904, 0.00494904, 0.000827601, ]

j_protocol= [0.00072488, 0.000904744, 0.00431133, ]

k_protocol= [0.00314782, 0.00132858, 0.00294696, ]

b_protocol= [0.000797904, 0.00494904, 0.000827601, ]

times= [0, 0.1, ]

E_best = [-2.53952, -2.82842, ]

E_ground = [-2.82843, -2.82843, ]
plot(times, E_best)
hold on
plot(times, E_ground)
plot(0.1,-2.82842,'r*')
hold off








  TAU  | TOTAL STEPS | SEED |
 0.100 |       3     |  4   |
j_initial= 0.025
k_initial= 0
b_initial= 0.975
j_target= 0.5
k_target= 0
b_target= 0.5


pre_tau= 0.1
pre_steps= 3

pre_j_protocol= [0.00223225, 0.000620945, 0.00272882, ]
pre_k_protocol= [0.0706215, 0.0926844, 0.0040356, ]
pre_b_protocol= [0.13703, 0.00269532, 0.00481599, ]

j_protocol= [0.0706215, 0.0926844, 0.0040356, ]

k_protocol= [0.00223225, 0.000620945, 0.00272882, ]

b_protocol= [0.13703, 0.00269532, 0.00481599, ]

times= [0, 0.1, ]

E_best = [-2.42593, -2.82842, ]

E_ground = [-2.82843, -2.82843, ]
plot(times, E_best)
hold on
plot(times, E_ground)
plot(0.1,-2.82842,'r*')
hold off








