  TAU  | TOTAL STEPS | SEED |
 0.030 |       3     |  1   |
j_initial= 0.1
k_initial= 0
b_initial= 0.9
j_target= 1
k_target= 0
b_target= 0


pre_tau= 0.03
pre_steps= 3

pre_j_protocol= [0.000324489, 0.00212445, 0.00275589, ]
pre_k_protocol= [0.268185, 0.000114381, 0.351041, ]
pre_b_protocol= [2.19984e-05, 0.251557, 0.00233257, ]

j_protocol= [0.268185, 0.000114381, 0.351041, ]

k_protocol= [0.000324489, 0.00212445, 0.00275589, ]

b_protocol= [2.19984e-05, 0.251557, 0.00233257, ]

times= [0, 0.03, ]

E_best = [-5.63898, -5.65685, ]

E_ground = [-5.65685, -5.65685, ]
plot(times, E_best)
hold on
plot(times, E_ground)
plot(0.03,-5.65685,'r*')
hold off








  TAU  | TOTAL STEPS | SEED |
 0.030 |       3     |  2   |
j_initial= 0.1
k_initial= 0
b_initial= 0.9
j_target= 1
k_target= 0
b_target= 0


pre_tau= 0.03
pre_steps= 3

pre_j_protocol= [0.00192623, 0.00273061, 0.000367802, ]
pre_k_protocol= [0.00208208, 0.000662476, 0.0017491, ]
pre_b_protocol= [0.000994903, 0.00154086, 0.000322393, ]

j_protocol= [0.00208208, 0.000662476, 0.0017491, ]

k_protocol= [0.00192623, 0.00273061, 0.000367802, ]

b_protocol= [0.000994903, 0.00154086, 0.000322393, ]

times= [0, 0.03, ]

E_best = [-5.62175, -5.65685, ]

E_ground = [-5.65685, -5.65685, ]
plot(times, E_best)
hold on
plot(times, E_ground)
plot(0.03,-5.65685,'r*')
hold off








  TAU  | TOTAL STEPS | SEED |
 0.030 |       3     |  3   |
j_initial= 0.1
k_initial= 0
b_initial= 0.9
j_target= 1
k_target= 0
b_target= 0


pre_tau= 0.03
pre_steps= 3

pre_j_protocol= [0.000147822, 0.00132858, 0.00194696, ]
pre_k_protocol= [0.00172488, 0.00290474, 0.00231133, ]
pre_b_protocol= [0.0017979, 0.00294904, 0.000827601, ]

j_protocol= [0.00172488, 0.00290474, 0.00231133, ]

k_protocol= [0.000147822, 0.00132858, 0.00194696, ]

b_protocol= [0.0017979, 0.00294904, 0.000827601, ]

times= [0, 0.03, ]

E_best = [-5.60331, -5.65685, ]

E_ground = [-5.65685, -5.65685, ]
plot(times, E_best)
hold on
plot(times, E_ground)
plot(0.03,-5.65685,'r*')
hold off








  TAU  | TOTAL STEPS | SEED |
 0.030 |       3     |  4   |
j_initial= 0.1
k_initial= 0
b_initial= 0.9
j_target= 1
k_target= 0
b_target= 0


pre_tau= 0.03
pre_steps= 3

pre_j_protocol= [0.00123225, 0.000620945, 0.00172882, ]
pre_k_protocol= [0.000621455, 0.114684, 3.55981e-05, ]
pre_b_protocol= [0.0160298, 0.00169532, 0.000815994, ]

j_protocol= [0.000621455, 0.114684, 3.55981e-05, ]

k_protocol= [0.00123225, 0.000620945, 0.00172882, ]

b_protocol= [0.0160298, 0.00169532, 0.000815994, ]

times= [0, 0.03, ]

E_best = [-5.57767, -5.65685, ]

E_ground = [-5.65685, -5.65685, ]
plot(times, E_best)
hold on
plot(times, E_ground)
plot(0.03,-5.65685,'r*')
hold off








