START_PARAMETERS
MAX_STEPS_MCDB =               32
MIN_STEPS_MCDB =               4
STEPS_CRUNCH_MCDB =            1
SWEEPS_MCDB =                  100
TOTAL_STEP_CHANGES =                  6
MCBB_SECONDARY =                  1
SWEEPS_MCBB_SECONDARY =                  50
NUMBER_OF_BANGS =                  6
GROUND_E =                -1.62829
INITIAL_E =               -0.77735
j_initial =               0.1
k_initial =               0.5
b_initial =               0
j_target =                0.5
k_target =                0.1
b_target =                0
init_target_dot_squared = 0.702113
init_state = [-0.0686928, 0, -0.700402, 0, -0.0686928, 0, -0.0686928, 0, -0.700402, 0, -0.0686928, 0, ]
target_state = [0.327867, 0, 0.53386, 0, 0.327867, 0, 0.327867, 0, 0.53386, 0, 0.327867, 0, ]
USE_ENERGY_DISTANCE =     false
PERIODIC =                false
UNIFORM_SITES =           true
DEVICE_DIMENSION =        2
MAX_PARAM =               1
MIN_PARAM =               0
MIN_PARAM =               0
DIAG =                    true
NUM_SEEDS =               1
NUMBER_OF_BANGS =               6
DISTANCE_LIMIT =          0.02
TAU_SCALAR =              1.2
TAU_SCALAR_TINY =         1.1
TAU_SCALAR_BIG =          1.4
ACCEPTANCE_PROB =         0.85
TEMP_EXP_DECAY =          0.8
MIN_TEMP_FRACTION =       0.01
TEMP_DECAY_ITERATIONS =   21
ZERO_TEMP_ITREATIONS =    15
RANDOM_STATES =           3
END_PARAMETERS
##############################################################################
clock_duration  =         1.24664
tau =                     1
total_steps =             32
time_step =               0.03125
best_mc_result =          7.05397e-10
best_mc_result_non_secondary =          1.95696e-06
evolved_target_dot_squared =  1
distance =          1
j_protocol =  [[0, 0, 0, 0, 1, 1, 1, 1, 0, 0, 0, 0, 1, 1, 0, 0, 1, 1, 0, 0, 1, 1, 0, 0, 1, 1, 1, 1, 1, 1, 0, 0, ],]
k_protocol =  [[1, 1, 1, 1, 1, 1, 0, 0, 1, 1, 1, 1, 0, 0, 1, 1, 0, 0, 1, 1, 1, 1, 1, 1, 1, 1, 0, 0, 0, 0, 1, 1, ],]
j_protocol_secondary =  [0.125254, 0.192158, 0.192158, 0.25, 0.375, 0.4375, 0.5, 0.562219, 0.625148, 0.6875, 0.75, 0.9375, ]
k_protocol_secondary =  [0, 0.1875, 0.25, 0.374951, 0.4375, 0.5, 0.5625, 0.8125, 0.9375, 0.969106, 0.969106, 1, ]
best_evolved_state = [0.316465, 0.0856765, 0.515318, 0.139522, 0.316465, 0.0856765, 0.316465, 0.0856765, 0.515318, 0.139522, 0.316465, 0.0856765, ]
best_mc_result_fixed_tau =   [1.95696e-06, ]
evolved_state_fixed_tau =   [[0.316592, 0.0855487, 0.51489, 0.140676, 0.316592, 0.0855487, 0.316592, 0.0855487, 0.51489, 0.140676, 0.316592, 0.0855487, ],]
