START_PARAMETERS
DIAG =                         false
NUM_SEEDS =                    2
DISTANCE_LIMIT_MCBB =          0.02
TAU_INIT_MCBB =                0.37
MAX_TAU_MCBB =                 0.6
TAU_SCALAR_MCBB =              1.1
TAU_SCALAR_MCBB_TINY =         1.05
TAU_SCALAR_MCBB_BIG =          1.2
MAX_CHANGE_FRACTION_MCBB =     0.9
MIN_CHANGE_FRACTION_MCBB =     0.01
ACCEPTANCE_PROB_MCBB =         0.8
TEMP_EXP_DECAY_MCBB =          0.8
BINARY_SEARCH_TAU_LIMIT_MCBB = 0.0037
RANDOM_STATES_MCBB =           3
NUMBER_OF_BANGS =              3
SWEEPS_MCBB =                  200
TEMP_DECAY_ITERATIONS_MCBB =   20
TEMP_DECAY_LIMIT_MCBB =        7
MAX_TAU_STEPS_MCBB =           6
MAX_BS_STEPS_MCDB =            5
GROUND_E =                   -4.53578
INITIAL_E =                  -4.48231
j_initial =        0.05
k_initial =        0.05
b_initial =        0
j_target =         0.35
k_target =         0.5
b_target =         0
state_overlap_squared =    0.98192
PERIODIC =         true
UNIFORM_SITES =    true
DEVICE_DIMENSION = 2
MAX_PARAM =        1
MIN_PARAM =        0
END_PARAMETERS
##############################################################################
tau =               0.37
best_E =          -4.53419
distance =          0.0297204
j_protocol =  [[0.0851494, 0.221433, 0.255803, 0.255803, 0.255803, 0.37, ],[0.0334216, 0.167266, 0.209967, 0.362519, 0.36347, 0.36347, ],]
k_protocol = [[0.0584342, 0.121282, 0.121282, 0.254346, 0.254346, 0.37, ],[0, 0.0881451, 0.104788, 0.190041, 0.190041, 0.366209, ],]
b_protocol = [[0, 0.047406, 0.0542997, 0.146735, 0.26652, 0.37, ],[0, 0.0095927, 0.0571379, 0.155536, 0.35066, 0.37, ],]
j/k/b =   [1, 0, 1, 0, 1, 0, ]
best_E_fixed_tau =   [-4.53171, -4.53419, ]
##############################################################################
tau =               0.3885
best_E =          -4.5347
distance =          0.0201705
j_protocol =  [[0.0191273, 0.0204981, 0.219467, 0.219467, 0.297255, 0.3885, ],[0.0191673, 0.127844, 0.15588, 0.303364, 0.340552, 0.3885, ],]
k_protocol = [[0.0431665, 0.142419, 0.371277, 0.387062, 0.387062, 0.387062, ],[0, 0.0639553, 0.0663808, 0.203375, 0.203375, 0.367496, ],]
b_protocol = [[0, 0.047406, 0.0542997, 0.146735, 0.26652, 0.3885, ],[0, 0.0095927, 0.0571379, 0.155536, 0.35066, 0.3885, ],]
j/k/b =   [1, 0, 1, 0, 1, 0, ]
best_E_fixed_tau =   [-4.51934, -4.5347, ]
##############################################################################
tau =               0.407925
best_E =          -4.53501
distance =          0.014436
j_protocol =  [[0, 0, 0, 0, 0.238096, 0.407925, ],[0.016093, 0.136271, 0.164215, 0.314237, 0.345762, 0.407925, ],]
k_protocol = [[0.0985412, 0.0985412, 0.193874, 0.407925, 0.407925, 0.407925, ],[0, 0.0532152, 0.0532152, 0.202193, 0.202193, 0.398482, ],]
b_protocol = [[0, 0.047406, 0.0542997, 0.146735, 0.26652, 0.407925, ],[0, 0.0095927, 0.0571379, 0.155536, 0.35066, 0.407925, ],]
j/k/b =   [1, 0, 1, 0, 1, 0, ]
best_E_fixed_tau =   [-4.52412, -4.53501, ]
