START_PARAMETERS
MAX_STEPS_MCDB =               32
MIN_STEPS_MCDB =               4
STEPS_CRUNCH_MCDB =            1
SWEEPS_MCDB =                  80
TOTAL_STEP_CHANGES =                  6
MCBB_SECONDARY =                  1
SWEEPS_MCBB_SECONDARY =                  150
NUMBER_OF_BANGS =                  4
GROUND_E =                -2.29516
INITIAL_E =               -2.24204
j_initial =               0.15
k_initial =               0.5
b_initial =               0
j_target =                0.291
k_target =                0.5
b_target =                0
init_target_dot_squared = 0.979491
init_state = [-0.0996402, 0, -0.692924, 0, -0.0996402, 0, -0.0996402, 0, -0.692924, 0, -0.0996402, 0, ]
target_state = [-0.168781, 0, -0.665602, 0, -0.168781, 0, -0.168781, 0, -0.665602, 0, -0.168781, 0, ]
USE_ENERGY_DISTANCE =     false
PERIODIC =                false
UNIFORM_SITES =           true
DEVICE_DIMENSION =        2
MAX_PARAM =               1
MIN_PARAM =               0
MIN_PARAM =               0
DIAG =                    true
NUM_SEEDS =               2
NUMBER_OF_BANGS =               4
DISTANCE_LIMIT =          0.02
TAU_INIT =                0.05
MAX_TAU =                 5
TAU_SCALAR =              1.2
TAU_SCALAR_TINY =         1.1
TAU_SCALAR_BIG =          1.3
ACCEPTANCE_PROB =         0.85
TEMP_EXP_DECAY =          0.8
MIN_TEMP_FRACTION =       0.01
TEMP_DECAY_ITERATIONS =   21
ZERO_TEMP_ITREATIONS =    20
RANDOM_STATES =           3
END_PARAMETERS
##############################################################################
clock_duration  =         5.06695
tau =                     0.025
total_steps =             32
time_step =               0.0015625
best_mc_result =          0.0201781
best_mc_result_non_secondary =          0
evolved_target_dot_squared =  0.979822
distance =          0.983883
j_protocol =  [[0, 0, 0, 0, 0, 0, 0, 0, 0, 0, 0, 0, 0, 0, 0, 0, 0, 0, 0, 0, 0, 0, 0, 0, 0, 0, 0, 0, 0, 0, 0, 0, ],[0, 0, 0, 0, 0, 0, 0, 0, 0, 0, 0, 0, 0, 0, 0, 0, 0, 0, 0, 0, 0, 0, 0, 0, 0, 0, 0, 0, 0, 0, 0, 0, ],]
k_protocol =  [[0, 0, 0, 0, 0, 0, 0, 0, 0, 0, 0, 0, 0, 0, 0, 0, 0, 0, 0, 0, 0, 0, 0, 0, 0, 0, 0, 0, 0, 0, 0, 0, ],[0, 0, 0, 0, 0, 0, 0, 0, 0, 0, 0, 0, 0, 0, 0, 0, 0, 0, 0, 0, 0, 0, 0, 0, 0, 0, 0, 0, 0, 0, 0, 0, ],]
j_protocol_secondary =  [0, 5.79571e-05, 5.79571e-05, 0.0107586, 0.0175564, 0.0175564, 0.0224599, 0.0224599, ]
k_protocol_secondary =  [0.000699818, 0.000699818, 0.00159588, 0.00159588, 0.00248533, 0.00982042, 0.00982042, 0.025, ]
best_evolved_state = [-0.0994044, -0.0149048, -0.689465, -0.0665688, -0.0994044, -0.0149048, -0.0994044, -0.0149048, -0.689465, -0.0665688, -0.0994044, -0.0149048, ]
best_mc_result_fixed_tau =   [0.0192116, 0.0192116, ]
evolved_state_fixed_tau =   [[-0.0987737, -0.0302775, -0.679705, -0.129053, -0.0987737, -0.0302775, -0.0987737, -0.0302775, -0.679705, -0.129053, -0.0987737, -0.0302775, ],[-0.0987737, -0.0302775, -0.679705, -0.129053, -0.0987737, -0.0302775, -0.0987737, -0.0302775, -0.679705, -0.129053, -0.0987737, -0.0302775, ],]
