START_PARAMETERS
MAX_STEPS_MCDB =               32
MIN_STEPS_MCDB =               4
STEPS_CRUNCH_MCDB =            1
SWEEPS_MCDB =                  80
TOTAL_STEP_CHANGES =                  6
MCBB_SECONDARY =                  1
SWEEPS_MCBB_SECONDARY =                  150
NUMBER_OF_BANGS =                  4
GROUND_E =                -2.01291
INITIAL_E =               -1.97175
j_initial =               0.169
k_initial =               0.5
b_initial =               0
j_target =                0.057
k_target =                0.5
b_target =                0
init_target_dot_squared = 0.979683
init_state = [-0.110553, 0, -0.689606, 0, -0.110553, 0, -0.110553, 0, -0.689606, 0, -0.110553, 0, ]
target_state = [-0.0399187, 0, -0.70485, 0, -0.0399187, 0, -0.0399187, 0, -0.70485, 0, -0.0399187, 0, ]
USE_ENERGY_DISTANCE =     false
PERIODIC =                false
UNIFORM_SITES =           true
DEVICE_DIMENSION =        2
MAX_PARAM =               1
MIN_PARAM =               0
MIN_PARAM =               0
DIAG =                    true
NUM_SEEDS =               2
NUMBER_OF_BANGS =               4
DISTANCE_LIMIT =          0.02
TAU_INIT =                0.05
MAX_TAU =                 5
TAU_SCALAR =              1.2
TAU_SCALAR_TINY =         1.1
TAU_SCALAR_BIG =          1.3
ACCEPTANCE_PROB =         0.85
TEMP_EXP_DECAY =          0.8
MIN_TEMP_FRACTION =       0.01
TEMP_DECAY_ITERATIONS =   21
ZERO_TEMP_ITREATIONS =    20
RANDOM_STATES =           3
END_PARAMETERS
##############################################################################
clock_duration  =         5.48818
tau =                     0.025
total_steps =             32
time_step =               0.0015625
best_mc_result =          0.0200732
best_mc_result_non_secondary =          0
evolved_target_dot_squared =  0.979927
distance =          0.987986
j_protocol =  [[0, 0, 0, 0, 0, 0, 0, 0, 0, 0, 0, 0, 0, 0, 0, 0, 0, 0, 0, 0, 0, 0, 0, 0, 0, 0, 0, 0, 0, 0, 0, 0, ],[0, 0, 0, 0, 0, 0, 0, 0, 0, 0, 0, 0, 0, 0, 0, 0, 0, 0, 0, 0, 0, 0, 0, 0, 0, 0, 0, 0, 0, 0, 0, 0, ],]
k_protocol =  [[0, 0, 0, 0, 0, 0, 0, 0, 0, 0, 0, 0, 0, 0, 0, 0, 0, 0, 0, 0, 0, 0, 0, 0, 0, 0, 0, 0, 0, 0, 0, 0, ],[0, 0, 0, 0, 0, 0, 0, 0, 0, 0, 0, 0, 0, 0, 0, 0, 0, 0, 0, 0, 0, 0, 0, 0, 0, 0, 0, 0, 0, 0, 0, 0, ],]
j_protocol_secondary =  [0.00931993, 0.00931993, 0.0159535, 0.0159535, 0.0181661, 0.019214, 0.019214, 0.025, ]
k_protocol_secondary =  [0, 0.00875947, 0.00875947, 0.0119475, 0.0119475, 0.0196806, 0.0196806, 0.0243023, ]
best_evolved_state = [-0.109721, -0.00938941, -0.686188, -0.0699407, -0.109721, -0.00938941, -0.109721, -0.00938941, -0.686188, -0.0699407, -0.109721, -0.00938941, ]
best_mc_result_fixed_tau =   [0.0193621, 0.019353, ]
evolved_state_fixed_tau =   [[-0.10749, -0.0169717, -0.676173, -0.138225, -0.10749, -0.0169717, -0.10749, -0.0169717, -0.676173, -0.138225, -0.10749, -0.0169717, ],[-0.107156, -0.0191016, -0.676028, -0.138896, -0.107156, -0.0191016, -0.107156, -0.0191016, -0.676028, -0.138896, -0.107156, -0.0191016, ],]
