START_PARAMETERS
MAX_STEPS_MCDB =               32
MIN_STEPS_MCDB =               4
STEPS_CRUNCH_MCDB =            1
SWEEPS_MCDB =                  80
TOTAL_STEP_CHANGES =                  6
MCBB_SECONDARY =                  1
SWEEPS_MCBB_SECONDARY =                  150
NUMBER_OF_BANGS =                  4
GROUND_E =                -2.9649
INITIAL_E =               -2.88609
j_initial =               0.693
k_initial =               0.25
b_initial =               0
j_target =                0.598
k_target =                0.5
b_target =                0
init_target_dot_squared = 0.979946
init_state = [-0.306763, 0, -0.558385, 0, -0.306763, 0, -0.306763, 0, -0.558385, 0, -0.306763, 0, ]
target_state = [-0.247757, 0, -0.614193, 0, -0.247757, 0, -0.247757, 0, -0.614193, 0, -0.247757, 0, ]
USE_ENERGY_DISTANCE =     false
PERIODIC =                false
UNIFORM_SITES =           true
DEVICE_DIMENSION =        2
MAX_PARAM =               1
MIN_PARAM =               0
MIN_PARAM =               0
DIAG =                    true
NUM_SEEDS =               2
NUMBER_OF_BANGS =               4
DISTANCE_LIMIT =          0.02
TAU_INIT =                0.05
MAX_TAU =                 5
TAU_SCALAR =              1.2
TAU_SCALAR_TINY =         1.1
TAU_SCALAR_BIG =          1.3
ACCEPTANCE_PROB =         0.85
TEMP_EXP_DECAY =          0.8
MIN_TEMP_FRACTION =       0.01
TEMP_DECAY_ITERATIONS =   21
ZERO_TEMP_ITREATIONS =    20
RANDOM_STATES =           3
END_PARAMETERS
##############################################################################
clock_duration  =         7.21438
tau =                     0.0125
total_steps =             32
time_step =               0.0015625
best_mc_result =          0.0199574
best_mc_result_non_secondary =          0
evolved_target_dot_squared =  0.980043
distance =          0.995173
j_protocol =  [[0, 0, 0, 0, 0, 0, 0, 0, 0, 0, 0, 0, 0, 0, 0, 0, 0, 0, 0, 0, 0, 0, 0, 0, 0, 0, 0, 0, 0, 0, 0, 0, ],[0, 0, 0, 0, 0, 0, 0, 0, 0, 0, 0, 0, 0, 0, 0, 0, 0, 0, 0, 0, 0, 0, 0, 0, 0, 0, 0, 0, 0, 0, 0, 0, ],]
k_protocol =  [[0, 0, 0, 0, 0, 0, 0, 0, 0, 0, 0, 0, 0, 0, 0, 0, 0, 0, 0, 0, 0, 0, 0, 0, 0, 0, 0, 0, 0, 0, 0, 0, ],[0, 0, 0, 0, 0, 0, 0, 0, 0, 0, 0, 0, 0, 0, 0, 0, 0, 0, 0, 0, 0, 0, 0, 0, 0, 0, 0, 0, 0, 0, 0, 0, ],]
j_protocol_secondary =  [0.00176305, 0.00195312, 0.00195312, 0.00366464, 0.00366464, 0.00447363, 0.00447363, 0.0125, ]
k_protocol_secondary =  [0, 0.000475462, 0.000475462, 0.00665262, 0.00759179, 0.00759179, 0.0119642, 0.0119642, ]
best_evolved_state = [-0.306355, -0.0119848, -0.557871, -0.0280242, -0.306355, -0.0119848, -0.306355, -0.0119848, -0.557871, -0.0280242, -0.306355, -0.0119848, ]
best_mc_result_fixed_tau =   [0.0185452, 0.0185452, ]
evolved_state_fixed_tau =   [[-0.300388, -0.0467503, -0.550409, -0.110511, -0.300388, -0.0467503, -0.300388, -0.0467503, -0.550409, -0.110511, -0.300388, -0.0467503, ],[-0.300388, -0.0467486, -0.550409, -0.110511, -0.300388, -0.0467486, -0.300388, -0.0467486, -0.550409, -0.110511, -0.300388, -0.0467486, ],]
