START_PARAMETERS
MAX_STEPS_MCDB =               32
MIN_STEPS_MCDB =               4
STEPS_CRUNCH_MCDB =            1
SWEEPS_MCDB =                  80
TOTAL_STEP_CHANGES =                  6
MCBB_SECONDARY =                  1
SWEEPS_MCBB_SECONDARY =                  150
NUMBER_OF_BANGS =                  4
GROUND_E =                -2.40315
INITIAL_E =               -2.34644
j_initial =               0.635
k_initial =               0.5
b_initial =               0
j_target =                0.348
k_target =                0.5
b_target =                0
init_target_dot_squared = 0.979791
init_state = [-0.253363, 0, -0.609602, 0, -0.253363, 0, -0.253363, 0, -0.609602, 0, -0.253363, 0, ]
target_state = [-0.189512, 0, -0.654347, 0, -0.189512, 0, -0.189512, 0, -0.654347, 0, -0.189512, 0, ]
USE_ENERGY_DISTANCE =     false
PERIODIC =                false
UNIFORM_SITES =           true
DEVICE_DIMENSION =        2
MAX_PARAM =               1
MIN_PARAM =               0
MIN_PARAM =               0
DIAG =                    true
NUM_SEEDS =               2
NUMBER_OF_BANGS =               4
DISTANCE_LIMIT =          0.02
TAU_INIT =                0.05
MAX_TAU =                 5
TAU_SCALAR =              1.2
TAU_SCALAR_TINY =         1.1
TAU_SCALAR_BIG =          1.3
ACCEPTANCE_PROB =         0.85
TEMP_EXP_DECAY =          0.8
MIN_TEMP_FRACTION =       0.01
TEMP_DECAY_ITERATIONS =   21
ZERO_TEMP_ITREATIONS =    20
RANDOM_STATES =           3
END_PARAMETERS
##############################################################################
clock_duration  =         5.57679
tau =                     0.025
total_steps =             32
time_step =               0.0015625
best_mc_result =          0.0198104
best_mc_result_non_secondary =          0
evolved_target_dot_squared =  0.98019
distance =          0.980282
j_protocol =  [[0, 0, 0, 0, 0, 0, 0, 0, 0, 0, 0, 0, 0, 0, 0, 0, 0, 0, 0, 0, 0, 0, 0, 0, 0, 0, 0, 0, 0, 0, 0, 0, ],[0, 0, 0, 0, 0, 0, 0, 0, 0, 0, 0, 0, 0, 0, 0, 0, 0, 0, 0, 0, 0, 0, 0, 0, 0, 0, 0, 0, 0, 0, 0, 0, ],]
k_protocol =  [[0, 0, 0, 0, 0, 0, 0, 0, 0, 0, 0, 0, 0, 0, 0, 0, 0, 0, 0, 0, 0, 0, 0, 0, 0, 0, 0, 0, 0, 0, 0, 0, ],[0, 0, 0, 0, 0, 0, 0, 0, 0, 0, 0, 0, 0, 0, 0, 0, 0, 0, 0, 0, 0, 0, 0, 0, 0, 0, 0, 0, 0, 0, 0, 0, ],]
j_protocol_secondary =  [0.00161688, 0.00161688, 0.00793159, 0.0187121, 0.0187121, 0.0223847, 0.0223847, 0.025, ]
k_protocol_secondary =  [0, 0.00551195, 0.00551195, 0.00564952, 0.00564952, 0.00672865, 0.00672865, 0.0179937, ]
best_evolved_state = [-0.251818, -0.0207581, -0.60711, -0.0610857, -0.251818, -0.0207581, -0.251818, -0.0207581, -0.60711, -0.0610857, -0.251818, -0.0207581, ]
best_mc_result_fixed_tau =   [0.0186415, 0.0186415, ]
evolved_state_fixed_tau =   [[-0.24717, -0.0414946, -0.599621, -0.121759, -0.24717, -0.0414946, -0.24717, -0.0414946, -0.599621, -0.121759, -0.24717, -0.0414946, ],[-0.24717, -0.0414946, -0.599621, -0.121759, -0.24717, -0.0414946, -0.24717, -0.0414946, -0.599621, -0.121759, -0.24717, -0.0414946, ],]
