START_PARAMETERS
MAX_STEPS_MCDB =               32
MIN_STEPS_MCDB =               4
STEPS_CRUNCH_MCDB =            1
SWEEPS_MCDB =                  80
TOTAL_STEP_CHANGES =                  6
MCBB_SECONDARY =                  1
SWEEPS_MCBB_SECONDARY =                  150
NUMBER_OF_BANGS =                  4
GROUND_E =                -2.06842
INITIAL_E =               -2.0249
j_initial =               0.026
k_initial =               0.5
b_initial =               0
j_target =                0.133
k_target =                0.5
b_target =                0
init_target_dot_squared = 0.979634
init_state = [0.0183476, 0, 0.706631, 0, 0.0183476, 0, 0.0183476, 0, 0.706631, 0, 0.0183476, 0, ]
target_state = [-0.0894669, 0, -0.695695, 0, -0.0894669, 0, -0.0894669, 0, -0.695695, 0, -0.0894669, 0, ]
USE_ENERGY_DISTANCE =     false
PERIODIC =                false
UNIFORM_SITES =           true
DEVICE_DIMENSION =        2
MAX_PARAM =               1
MIN_PARAM =               0
MIN_PARAM =               0
DIAG =                    true
NUM_SEEDS =               2
NUMBER_OF_BANGS =               4
DISTANCE_LIMIT =          0.02
TAU_INIT =                0.05
MAX_TAU =                 5
TAU_SCALAR =              1.2
TAU_SCALAR_TINY =         1.1
TAU_SCALAR_BIG =          1.3
ACCEPTANCE_PROB =         0.85
TEMP_EXP_DECAY =          0.8
MIN_TEMP_FRACTION =       0.01
TEMP_DECAY_ITERATIONS =   21
ZERO_TEMP_ITREATIONS =    20
RANDOM_STATES =           3
END_PARAMETERS
##############################################################################
clock_duration  =         4.97259
tau =                     0.025
total_steps =             32
time_step =               0.0015625
best_mc_result =          0.0201593
best_mc_result_non_secondary =          0
evolved_target_dot_squared =  0.979841
distance =          0.989839
j_protocol =  [[0, 0, 0, 0, 0, 0, 0, 0, 0, 0, 0, 0, 0, 0, 0, 0, 0, 0, 0, 0, 0, 0, 0, 0, 0, 0, 0, 0, 0, 0, 0, 0, ],[0, 0, 0, 0, 0, 0, 0, 0, 0, 0, 0, 0, 0, 0, 0, 0, 0, 0, 0, 0, 0, 0, 0, 0, 0, 0, 0, 0, 0, 0, 0, 0, ],]
k_protocol =  [[0, 0, 0, 0, 0, 0, 0, 0, 0, 0, 0, 0, 0, 0, 0, 0, 0, 0, 0, 0, 0, 0, 0, 0, 0, 0, 0, 0, 0, 0, 0, 0, ],[0, 0, 0, 0, 0, 0, 0, 0, 0, 0, 0, 0, 0, 0, 0, 0, 0, 0, 0, 0, 0, 0, 0, 0, 0, 0, 0, 0, 0, 0, 0, 0, ],]
j_protocol_secondary =  [0, 0.00546144, 0.0065433, 0.0065433, 0.0191595, 0.0191595, 0.0215097, 0.0215097, ]
k_protocol_secondary =  [0.00026948, 0.0102054, 0.0102054, 0.0117344, 0.0117344, 0.0187086, 0.0187086, 0.025, ]
best_evolved_state = [0.0182692, 0.0077176, 0.703056, 0.0701789, 0.0182692, 0.0077176, 0.0182692, 0.0077176, 0.703056, 0.0701789, 0.0182692, 0.0077176, ]
best_mc_result_fixed_tau =   [0.0195619, 0.0195619, ]
evolved_state_fixed_tau =   [[0.0179733, 0.0154487, 0.692072, 0.141115, 0.0179733, 0.0154487, 0.0179733, 0.0154487, 0.692072, 0.141115, 0.0179733, 0.0154487, ],[0.0179732, 0.0154489, 0.692072, 0.141114, 0.0179732, 0.0154489, 0.0179732, 0.0154489, 0.692072, 0.141114, 0.0179732, 0.0154489, ],]
