START_PARAMETERS
MAX_STEPS_MCDB =               32
MIN_STEPS_MCDB =               4
STEPS_CRUNCH_MCDB =            1
SWEEPS_MCDB =                  80
TOTAL_STEP_CHANGES =                  6
MCBB_SECONDARY =                  1
SWEEPS_MCBB_SECONDARY =                  150
NUMBER_OF_BANGS =                  4
GROUND_E =                -3.37082
INITIAL_E =               -3.27338
j_initial =               0.594
k_initial =               0.125
b_initial =               0
j_target =                0.76
k_target =                0.5
b_target =                0
init_target_dot_squared = 0.979449
init_state = [0.3265, 0, 0.535533, 0, 0.3265, 0, 0.3265, 0, 0.535533, 0, 0.3265, 0, ]
target_state = [0.268841, 0, 0.596195, 0, 0.268841, 0, 0.268841, 0, 0.596195, 0, 0.268841, 0, ]
USE_ENERGY_DISTANCE =     false
PERIODIC =                false
UNIFORM_SITES =           true
DEVICE_DIMENSION =        2
MAX_PARAM =               1
MIN_PARAM =               0
MIN_PARAM =               0
DIAG =                    true
NUM_SEEDS =               2
NUMBER_OF_BANGS =               4
DISTANCE_LIMIT =          0.02
TAU_INIT =                0.05
MAX_TAU =                 5
TAU_SCALAR =              1.2
TAU_SCALAR_TINY =         1.1
TAU_SCALAR_BIG =          1.3
ACCEPTANCE_PROB =         0.85
TEMP_EXP_DECAY =          0.8
MIN_TEMP_FRACTION =       0.01
TEMP_DECAY_ITERATIONS =   21
ZERO_TEMP_ITREATIONS =    20
RANDOM_STATES =           3
END_PARAMETERS
##############################################################################
clock_duration  =         5.02586
tau =                     0.025
total_steps =             32
time_step =               0.0015625
best_mc_result =          0.0201857
best_mc_result_non_secondary =          0
evolved_target_dot_squared =  0.979814
distance =          0.982212
j_protocol =  [[0, 0, 0, 0, 0, 0, 0, 0, 0, 0, 0, 0, 0, 0, 0, 0, 0, 0, 0, 0, 0, 0, 0, 0, 0, 0, 0, 0, 0, 0, 0, 0, ],[0, 0, 0, 0, 0, 0, 0, 0, 0, 0, 0, 0, 0, 0, 0, 0, 0, 0, 0, 0, 0, 0, 0, 0, 0, 0, 0, 0, 0, 0, 0, 0, ],]
k_protocol =  [[0, 0, 0, 0, 0, 0, 0, 0, 0, 0, 0, 0, 0, 0, 0, 0, 0, 0, 0, 0, 0, 0, 0, 0, 0, 0, 0, 0, 0, 0, 0, 0, ],[0, 0, 0, 0, 0, 0, 0, 0, 0, 0, 0, 0, 0, 0, 0, 0, 0, 0, 0, 0, 0, 0, 0, 0, 0, 0, 0, 0, 0, 0, 0, 0, ],]
j_protocol_secondary =  [0.00192786, 0.0106819, 0.0106819, 0.0231917, 0.0231917, 0.0242846, 0.0242846, 0.025, ]
k_protocol_secondary =  [0, 0.0110774, 0.0140679, 0.0140679, 0.0198847, 0.0198847, 0.0246179, 0.0246179, ]
best_evolved_state = [0.32489, 0.0246683, 0.53365, 0.0537914, 0.32489, 0.0246683, 0.32489, 0.0246683, 0.53365, 0.0537914, 0.32489, 0.0246683, ]
best_mc_result_fixed_tau =   [0.0191124, 0.0191127, ]
evolved_state_fixed_tau =   [[0.320222, 0.0482032, 0.528335, 0.1055, 0.320222, 0.0482032, 0.320222, 0.0482032, 0.528335, 0.1055, 0.320222, 0.0482032, ],[0.320222, 0.0482032, 0.528335, 0.1055, 0.320222, 0.0482032, 0.320222, 0.0482032, 0.528335, 0.1055, 0.320222, 0.0482032, ],]
