START_PARAMETERS
DIAG =                         false
NUM_SEEDS =                    5
DISTANCE_LIMIT_MCBB =          0.01
TAU_INIT_MCBB =                0.03
MAX_TAU_MCBB =                 0.7
TAU_SCALAR_MCBB =              1.2
TAU_SCALAR_MCBB_TINY =         1.05
TAU_SCALAR_MCBB_BIG =          1.6
MAX_CHANGE_FRACTION_MCBB =     0.8
MIN_CHANGE_FRACTION_MCBB =     0.01
ACCEPTANCE_PROB_MCBB =         0.8
TEMP_EXP_DECAY_MCBB =          0.8
BINARY_SEARCH_TAU_LIMIT_MCBB = 0.0003
RANDOM_STATES_MCBB =           3
NUMBER_OF_BANGS =              3
SWEEPS_MCBB =                  100
TEMP_DECAY_ITERATIONS_MCBB =   30
TEMP_DECAY_LIMIT_MCBB =        7
MAX_TAU_STEPS_MCBB =           18
MAX_BS_STEPS_MCDB =            9
GROUND_E =                   1.35835
INITIAL_E =                  1.35835
g_initial =        0.1
f_initial =        1
g_targe t =        0.1
f_target =         1
j_initial =        0.1
k_initial =        0.9
b_initial =        0
j_target =         0.1
k_target =         0.9
b_target =         0
PERIODIC =         true
UNIFORM_SITES =    true
DEVICE_DIMENSION = 2
MAX_PARAM =        1
MIN_PARAM =        0
END_PARAMETERS
##############################################################################
tau =               0.03
best_E =          1.35835
distance =          -2
j_protocol =  [[0.00276013, 0.00276013, 0.00276013, 0.00276013, 0.03, 0.03, ],[0, 0, 0.0129468, 0.0129468, 0.03, 0.03, ],[0.000717029, 0.000735731, 0.0165239, 0.0165239, 0.0246162, 0.0279102, ],[0.00260951, 0.00504806, 0.0179267, 0.0179267, 0.0290012, 0.0298572, ],[1.06042e-05, 0.00260494, 0.0164405, 0.0164405, 0.0275583, 0.0275726, ],]
k_protocol = [[0, 0, 0.00230161, 0.00230161, 0.0124639, 0.0124639, ],[0.000365347, 0.000365347, 0.0139753, 0.0139753, 0.0184866, 0.0184866, ],[8.50964e-05, 0.00859615, 0.00880107, 0.0268849, 0.0268849, 0.03, ],[0, 0.00648269, 0.00654083, 0.0267393, 0.0270276, 0.0299641, ],[0, 0.000484568, 0.00690315, 0.0183523, 0.0184238, 0.0299011, ],]
b_protocol = [[0, 0.00384373, 0.00440268, 0.0118974, 0.0216097, 0.03, ],[0, 0.000777787, 0.0046328, 0.012611, 0.0284319, 0.03, ],[0, 0.00056244, 0.00363986, 0.0212444, 0.0267884, 0.03, ],[0, 0.00424393, 0.016417, 0.0209319, 0.0256686, 0.03, ],[0, 0.0109121, 0.0119021, 0.0146523, 0.026122, 0.03, ],]
j/k/b =   [1, 0, 1, 0, 1, 0, ]
best_E_fixed_tau =   [1.35835, 1.35835, 1.35835, 1.35835, 1.35835, ]
