START_PARAMETERS
MAX_TAU_ADIA =             200
TOTAL_STEPS_ADIA =             100
GROUND_E =                -3.76394
INITIAL_E =               -3.72848
j_initial =               0.83
k_initial =               0.25
b_initial =               0
j_target =                0.911
k_target =                0.5
b_target =                0
init_target_dot_squared = 0.993586
init_state = [0.314581, 0, 0.549616, 0, 0.314581, 0, 0.314581, 0, 0.549616, 0, 0.314581, 0, ]
target_state = [0.282444, 0, 0.583481, 0, 0.282444, 0, 0.282444, 0, 0.583481, 0, 0.282444, 0, ]
USE_ENERGY_DISTANCE =     false
PERIODIC =                false
UNIFORM_SITES =           true
DEVICE_DIMENSION =        2
MAX_PARAM =               1
MIN_PARAM =               0
MIN_PARAM =               0
DIAG =                    false
NUM_SEEDS =               1
DISTANCE_LIMIT =          0.005
TAU_INIT =                0.05
MAX_TAU =                 3
TAU_SCALAR =              1.1
TAU_SCALAR_TINY =         1.05
TAU_SCALAR_BIG =          1.2
ACCEPTANCE_PROB =         0.85
TEMP_EXP_DECAY =          0.8
TEMP_DECAY_ITERATIONS =   20
TEMP_DECAY_LIMIT =        5
RANDOM_STATES =           3
INIT_OVERLAP_LIMIT =      0.99999
END_PARAMETERS
##############################################################################
tau =               0.05
total_steps =       100
time_step  =        0.0005
best_mc_result  =           0.00637928
evolved_target_dot_squared =   0.993621
best_evolved_state = [0.310574, 0.0476465, 0.541652, 0.0957072, 0.310574, 0.0476465, 0.310574, 0.0476465, 0.541652, 0.0957072, 0.310574, 0.0476465, ]
distance  =         0.99452
clock_duration  =         0.001759
##############################################################################
tau =               0.075
total_steps =       100
time_step  =        0.00075
best_mc_result  =           0.00633555
evolved_target_dot_squared =   0.993664
best_evolved_state = [0.305592, 0.0710587, 0.531749, 0.142728, 0.305592, 0.0710587, 0.305592, 0.0710587, 0.531749, 0.142728, 0.305592, 0.0710587, ]
distance  =         0.987703
clock_duration  =         0.004317
##############################################################################
tau =               0.1125
total_steps =       100
time_step  =        0.001125
best_mc_result  =           0.00623806
evolved_target_dot_squared =   0.993762
best_evolved_state = [0.294486, 0.105209, 0.509677, 0.211299, 0.294486, 0.105209, 0.294486, 0.105209, 0.509677, 0.211299, 0.294486, 0.105209, ]
distance  =         0.972504
clock_duration  =         0.006158
##############################################################################
tau =               0.16875
total_steps =       100
time_step  =        0.0016875
best_mc_result  =           0.00602309
evolved_target_dot_squared =   0.993977
best_evolved_state = [0.270019, 0.153217, 0.461072, 0.307638, 0.270019, 0.153217, 0.270019, 0.153217, 0.461072, 0.307638, 0.270019, 0.153217, ]
distance  =         0.938991
clock_duration  =         0.008223
##############################################################################
tau =               0.253125
total_steps =       100
time_step  =        0.00253125
best_mc_result  =           0.00556111
evolved_target_dot_squared =   0.994439
best_evolved_state = [0.217549, 0.214751, 0.356941, 0.430931, 0.217549, 0.214751, 0.217549, 0.214751, 0.356941, 0.430931, 0.217549, 0.214751, ]
distance  =         0.866969
clock_duration  =         0.010157
##############################################################################
tau =               0.379688
total_steps =       100
time_step  =        0.00379688
best_mc_result  =           0.00462475
evolved_target_dot_squared =   0.995375
best_evolved_state = [0.111937, 0.274469, 0.147847, 0.549923, 0.111937, 0.274469, 0.111937, 0.274469, 0.147847, 0.549923, 0.111937, 0.274469, ]
distance  =         0.720991
clock_duration  =         0.012097
