START_PARAMETERS
MAX_STEPS_MCDB =               128
MIN_STEPS_MCDB =               8
STEPS_CRUNCH_MCDB =            1
SWEEPS_MCDB =                  50
GROUND_E =                -2.90025
INITIAL_E =               -2.86946
j_initial =               0.911
k_initial =               0.5
b_initial =               0
j_target =                0.83
k_target =                0.25
b_target =                0
init_target_dot_squared = 0.993586
init_state = [0.282444, 0, 0.583481, 0, 0.282444, 0, 0.282444, 0, 0.583481, 0, 0.282444, 0, ]
target_state = [0.314581, 0, 0.549616, 0, 0.314581, 0, 0.314581, 0, 0.549616, 0, 0.314581, 0, ]
USE_ENERGY_DISTANCE =     false
PERIODIC =                false
UNIFORM_SITES =           true
DEVICE_DIMENSION =        2
MAX_PARAM =               1
MIN_PARAM =               0
MIN_PARAM =               0
DIAG =                    false
NUM_SEEDS =               1
DISTANCE_LIMIT =          0.005
TAU_INIT =                0.05
MAX_TAU =                 3
TAU_SCALAR =              1.1
TAU_SCALAR_TINY =         1.05
TAU_SCALAR_BIG =          1.2
ACCEPTANCE_PROB =         0.85
TEMP_EXP_DECAY =          0.8
TEMP_DECAY_ITERATIONS =   20
TEMP_DECAY_LIMIT =        5
RANDOM_STATES =           3
INIT_OVERLAP_LIMIT =      0.99999
END_PARAMETERS
##############################################################################
clock_duration  =         0.596889
tau =                     0.05
total_steps =             32
time_step =               0.0015625
best_mc_result =          0.00571452
evolved_target_dot_squared =  0.994285
best_evolved_state = [0.279562, 0.0526831, 0.573186, 0.0979642, 0.279562, 0.0526831, 0.279562, 0.0526831, 0.573186, 0.0979642, 0.279562, 0.0526831, ]
distance =          0.890885
j_protocol =  [[1, 1, 1, 1, 1, 1, 1, 1, 1, 1, 1, 1, 1, 1, 1, 1, 1, 1, 1, 1, 1, 1, 1, 1, 1, 1, 1, 1, 1, 0, 0, 0, ],]
k_protocol =  [[0, 0, 0, 0, 0, 0, 0, 0, 0, 0, 0, 0, 0, 0, 0, 0, 0, 0, 0, 1, 1, 1, 1, 1, 1, 1, 1, 1, 1, 1, 1, 1, ],]
b_protocol =  [[1, 1, 1, 1, 1, 1, 1, 1, 1, 1, 1, 1, 1, 1, 1, 1, 1, 1, 1, 1, 1, 1, 1, 1, 1, 1, 1, 1, 1, 1, 1, 1, ],]
best_mc_result_fixed_tau =   [0.00571452, ]
evolved_state_fixed_tau =   [[0.279562, 0.0526831, 0.573186, 0.0979642, 0.279562, 0.0526831, 0.279562, 0.0526831, 0.573186, 0.0979642, 0.279562, 0.0526831, ],]
##############################################################################
clock_duration  =         1.23654
tau =                     0.12
total_steps =             32
time_step =               0.00375
best_mc_result =          0.00296446
evolved_target_dot_squared =  0.997036
best_evolved_state = [0.266033, 0.12423, 0.525015, 0.227917, 0.266033, 0.12423, 0.266033, 0.12423, 0.525015, 0.227917, 0.266033, 0.12423, ]
distance =          0.462155
j_protocol =  [[1, 1, 1, 1, 1, 1, 1, 1, 1, 1, 1, 1, 1, 1, 1, 1, 1, 1, 1, 1, 1, 1, 1, 1, 1, 1, 1, 1, 1, 0, 0, 0, ],]
k_protocol =  [[0, 0, 0, 0, 0, 0, 0, 0, 0, 0, 0, 0, 0, 0, 0, 0, 0, 0, 0, 1, 1, 1, 1, 1, 1, 1, 1, 1, 1, 1, 1, 1, ],]
b_protocol =  [[1, 1, 1, 1, 1, 1, 1, 1, 1, 1, 1, 1, 1, 1, 1, 1, 1, 1, 1, 1, 1, 1, 1, 1, 1, 1, 1, 1, 1, 1, 1, 1, ],]
best_mc_result_fixed_tau =   [0.00296446, ]
evolved_state_fixed_tau =   [[0.266033, 0.12423, 0.525015, 0.227917, 0.266033, 0.12423, 0.266033, 0.12423, 0.525015, 0.227917, 0.266033, 0.12423, ],]
