START_PARAMETERS
MAX_STEPS_MCDB =               128
MIN_STEPS_MCDB =               8
STEPS_CRUNCH_MCDB =            1
SWEEPS_MCDB =                  50
GROUND_E =                -2.87258
INITIAL_E =               -2.83941
j_initial =               0.679
k_initial =               0.25
b_initial =               0
j_target =                0.923
k_target =                0.125
b_target =                0
init_target_dot_squared = 0.993675
init_state = [0.305788, 0, 0.559453, 0, 0.305788, 0, 0.305788, 0, 0.559453, 0, 0.305788, 0, ]
target_state = [0.33628, 0, 0.523289, 0, 0.33628, 0, 0.33628, 0, 0.523289, 0, 0.33628, 0, ]
USE_ENERGY_DISTANCE =     false
PERIODIC =                false
UNIFORM_SITES =           true
DEVICE_DIMENSION =        2
MAX_PARAM =               1
MIN_PARAM =               0
MIN_PARAM =               0
DIAG =                    false
NUM_SEEDS =               1
DISTANCE_LIMIT =          0.005
TAU_INIT =                0.05
MAX_TAU =                 3
TAU_SCALAR =              1.1
TAU_SCALAR_TINY =         1.05
TAU_SCALAR_BIG =          1.2
ACCEPTANCE_PROB =         0.85
TEMP_EXP_DECAY =          0.8
TEMP_DECAY_ITERATIONS =   20
TEMP_DECAY_LIMIT =        5
RANDOM_STATES =           3
INIT_OVERLAP_LIMIT =      0.99999
END_PARAMETERS
##############################################################################
clock_duration  =         0.540662
tau =                     0.05
total_steps =             32
time_step =               0.0015625
best_mc_result =          0.00575939
evolved_target_dot_squared =  0.994241
best_evolved_state = [0.302576, 0.0539912, 0.550391, 0.0901967, 0.302576, 0.0539912, 0.302576, 0.0539912, 0.550391, 0.0901967, 0.302576, 0.0539912, ]
distance =          0.910624
j_protocol =  [[1, 1, 1, 1, 1, 1, 1, 1, 1, 1, 1, 1, 1, 1, 1, 1, 1, 1, 1, 1, 1, 1, 1, 1, 1, 1, 1, 1, 1, 1, 1, 0, ],]
k_protocol =  [[0, 0, 0, 0, 0, 0, 0, 0, 0, 0, 0, 0, 0, 0, 0, 0, 0, 0, 0, 0, 0, 0, 0, 1, 1, 1, 1, 1, 1, 1, 1, 1, ],]
b_protocol =  [[1, 1, 1, 1, 1, 1, 1, 1, 1, 1, 1, 1, 1, 1, 1, 1, 1, 1, 1, 1, 1, 1, 1, 1, 1, 1, 1, 1, 1, 1, 1, 1, ],]
best_mc_result_fixed_tau =   [0.00575939, ]
evolved_state_fixed_tau =   [[0.302576, 0.0539912, 0.550391, 0.0901967, 0.302576, 0.0539912, 0.302576, 0.0539912, 0.550391, 0.0901967, 0.302576, 0.0539912, ],]
##############################################################################
clock_duration  =         1.1283
tau =                     0.12
total_steps =             32
time_step =               0.00375
best_mc_result =          0.00345949
evolved_target_dot_squared =  0.996541
best_evolved_state = [0.287487, 0.127246, 0.507905, 0.210598, 0.287487, 0.127246, 0.287487, 0.127246, 0.507905, 0.210598, 0.287487, 0.127246, ]
distance =          0.546984
j_protocol =  [[1, 1, 1, 1, 1, 1, 1, 1, 1, 1, 1, 1, 1, 1, 1, 1, 1, 1, 1, 1, 1, 1, 1, 1, 1, 1, 1, 1, 1, 1, 1, 0, ],]
k_protocol =  [[0, 0, 0, 0, 0, 0, 0, 0, 0, 0, 0, 0, 0, 0, 0, 0, 0, 0, 0, 0, 0, 0, 0, 1, 1, 1, 1, 1, 1, 1, 1, 1, ],]
b_protocol =  [[1, 1, 1, 1, 1, 1, 1, 1, 1, 1, 1, 1, 1, 1, 1, 1, 1, 1, 1, 1, 1, 1, 1, 1, 1, 1, 1, 1, 1, 1, 1, 1, ],]
best_mc_result_fixed_tau =   [0.00345949, ]
evolved_state_fixed_tau =   [[0.287487, 0.127246, 0.507905, 0.210598, 0.287487, 0.127246, 0.287487, 0.127246, 0.507905, 0.210598, 0.287487, 0.127246, ],]
