START_PARAMETERS
MAX_STEPS_MCDB =               128
MIN_STEPS_MCDB =               8
STEPS_CRUNCH_MCDB =            1
SWEEPS_MCDB =                  50
GROUND_E =                -2.90025
INITIAL_E =               -2.8668
j_initial =               0.513
k_initial =               0.031
b_initial =               0
j_target =                0.83
k_target =                0.25
b_target =                0
init_target_dot_squared = 0.993032
init_state = [0.345924, 0, 0.510561, 0, 0.345924, 0, 0.345924, 0, 0.510561, 0, 0.345924, 0, ]
target_state = [0.314581, 0, 0.549616, 0, 0.314581, 0, 0.314581, 0, 0.549616, 0, 0.314581, 0, ]
USE_ENERGY_DISTANCE =     false
PERIODIC =                false
UNIFORM_SITES =           true
DEVICE_DIMENSION =        2
MAX_PARAM =               1
MIN_PARAM =               0
MIN_PARAM =               0
DIAG =                    false
NUM_SEEDS =               1
DISTANCE_LIMIT =          0.005
TAU_INIT =                0.05
MAX_TAU =                 3
TAU_SCALAR =              1.1
TAU_SCALAR_TINY =         1.05
TAU_SCALAR_BIG =          1.2
ACCEPTANCE_PROB =         0.85
TEMP_EXP_DECAY =          0.8
TEMP_DECAY_ITERATIONS =   20
TEMP_DECAY_LIMIT =        5
RANDOM_STATES =           3
INIT_OVERLAP_LIMIT =      0.99999
END_PARAMETERS
##############################################################################
clock_duration  =         0.602187
tau =                     0.05
total_steps =             32
time_step =               0.0015625
best_mc_result =          0.00644439
evolved_target_dot_squared =  0.993556
best_evolved_state = [0.340245, 0.0507971, 0.504401, 0.094263, 0.340245, 0.0507971, 0.340245, 0.0507971, 0.504401, 0.094263, 0.340245, 0.0507971, ]
distance =          0.924842
j_protocol =  [[1, 1, 1, 1, 1, 1, 1, 1, 1, 1, 1, 1, 1, 1, 1, 1, 1, 1, 1, 1, 1, 1, 1, 1, 1, 1, 1, 1, 1, 1, 1, 1, ],]
k_protocol =  [[1, 1, 1, 1, 1, 1, 1, 1, 0, 0, 0, 0, 0, 0, 0, 0, 0, 0, 0, 0, 0, 0, 0, 0, 0, 0, 0, 0, 0, 0, 0, 0, ],]
b_protocol =  [[1, 1, 1, 1, 1, 1, 1, 1, 1, 1, 1, 1, 1, 1, 1, 1, 1, 1, 1, 1, 1, 1, 1, 1, 1, 1, 1, 1, 1, 1, 1, 1, ],]
best_mc_result_fixed_tau =   [0.00644439, ]
evolved_state_fixed_tau =   [[0.340245, 0.0507971, 0.504401, 0.094263, 0.340245, 0.0507971, 0.340245, 0.0507971, 0.504401, 0.094263, 0.340245, 0.0507971, ],]
##############################################################################
clock_duration  =         1.17675
tau =                     0.12
total_steps =             32
time_step =               0.00375
best_mc_result =          0.00428085
evolved_target_dot_squared =  0.995719
best_evolved_state = [0.316171, 0.115731, 0.479175, 0.208987, 0.316171, 0.115731, 0.316171, 0.115731, 0.479175, 0.208987, 0.316171, 0.115731, ]
distance =          0.61435
j_protocol =  [[0, 1, 1, 1, 1, 1, 1, 1, 1, 1, 1, 1, 1, 1, 1, 1, 1, 1, 1, 1, 1, 1, 1, 1, 1, 1, 1, 1, 1, 1, 1, 1, ],]
k_protocol =  [[1, 1, 1, 1, 1, 1, 1, 0, 0, 0, 0, 0, 0, 0, 0, 0, 0, 0, 0, 0, 0, 0, 0, 0, 0, 0, 0, 0, 0, 0, 0, 0, ],]
b_protocol =  [[1, 1, 1, 1, 1, 1, 1, 1, 1, 1, 1, 1, 1, 1, 1, 1, 1, 1, 1, 1, 1, 1, 1, 1, 1, 1, 1, 1, 1, 1, 1, 1, ],]
best_mc_result_fixed_tau =   [0.00428085, ]
evolved_state_fixed_tau =   [[0.316171, 0.115731, 0.479175, 0.208987, 0.316171, 0.115731, 0.316171, 0.115731, 0.479175, 0.208987, 0.316171, 0.115731, ],]
