START_PARAMETERS
MAX_STEPS_MCDB =               128
MIN_STEPS_MCDB =               8
STEPS_CRUNCH_MCDB =            1
SWEEPS_MCDB =                  50
GROUND_E =                -2.0178
INITIAL_E =               -2.00674
j_initial =               0.123
k_initial =               0.5
b_initial =               0
j_target =                0.067
k_target =                0.5
b_target =                0
init_target_dot_squared = 0.99457
init_state = [-0.0833096, 0, -0.697222, 0, -0.0833096, 0, -0.0833096, 0, -0.697222, 0, -0.0833096, 0, ]
target_state = [-0.0467525, 0, -0.704009, 0, -0.0467525, 0, -0.0467525, 0, -0.704009, 0, -0.0467525, 0, ]
USE_ENERGY_DISTANCE =     false
PERIODIC =                false
UNIFORM_SITES =           true
DEVICE_DIMENSION =        2
MAX_PARAM =               1
MIN_PARAM =               0
MIN_PARAM =               0
DIAG =                    false
NUM_SEEDS =               1
DISTANCE_LIMIT =          0.005
TAU_INIT =                0.05
MAX_TAU =                 3
TAU_SCALAR =              1.1
TAU_SCALAR_TINY =         1.05
TAU_SCALAR_BIG =          1.2
ACCEPTANCE_PROB =         0.85
TEMP_EXP_DECAY =          0.8
TEMP_DECAY_ITERATIONS =   20
TEMP_DECAY_LIMIT =        5
RANDOM_STATES =           3
INIT_OVERLAP_LIMIT =      0.99999
END_PARAMETERS
##############################################################################
clock_duration  =         0.591104
tau =                     0.05
total_steps =             32
time_step =               0.0015625
best_mc_result =          0.00503892
evolved_target_dot_squared =  0.994961
best_evolved_state = [-0.0805746, -0.0150076, -0.68379, -0.137827, -0.0805746, -0.0150076, -0.0805746, -0.0150076, -0.68379, -0.137827, -0.0805746, -0.0150076, ]
distance =          0.927913
j_protocol =  [[0, 0, 0, 0, 0, 0, 0, 0, 0, 0, 0, 0, 0, 0, 0, 0, 0, 0, 0, 0, 0, 0, 0, 0, 0, 1, 1, 1, 1, 1, 1, 1, ],]
k_protocol =  [[1, 1, 1, 1, 1, 1, 1, 1, 1, 1, 1, 1, 1, 1, 1, 1, 1, 1, 1, 1, 1, 1, 1, 1, 1, 1, 1, 1, 1, 1, 1, 0, ],]
b_protocol =  [[1, 1, 1, 1, 1, 1, 1, 1, 1, 1, 1, 1, 1, 1, 1, 1, 1, 1, 1, 1, 1, 1, 1, 1, 1, 1, 1, 1, 1, 1, 1, 1, ],]
best_mc_result_fixed_tau =   [0.00503892, ]
evolved_state_fixed_tau =   [[-0.0805746, -0.0150076, -0.68379, -0.137827, -0.0805746, -0.0150076, -0.0805746, -0.0150076, -0.68379, -0.137827, -0.0805746, -0.0150076, ],]
##############################################################################
clock_duration  =         1.17356
tau =                     0.12
total_steps =             32
time_step =               0.00375
best_mc_result =          0.00339885
evolved_target_dot_squared =  0.996601
best_evolved_state = [-0.06796, -0.0332742, -0.621112, -0.320576, -0.06796, -0.0332742, -0.06796, -0.0332742, -0.621112, -0.320576, -0.06796, -0.0332742, ]
distance =          0.625895
j_protocol =  [[0, 0, 0, 0, 0, 0, 0, 0, 0, 0, 0, 0, 0, 0, 0, 0, 0, 0, 0, 0, 0, 0, 0, 0, 0, 1, 1, 1, 1, 1, 1, 1, ],]
k_protocol =  [[1, 1, 1, 1, 1, 1, 1, 1, 1, 1, 1, 1, 1, 1, 1, 1, 1, 1, 1, 1, 1, 1, 1, 1, 1, 1, 1, 1, 1, 1, 1, 0, ],]
b_protocol =  [[1, 1, 1, 1, 1, 1, 1, 1, 1, 1, 1, 1, 1, 1, 1, 1, 1, 1, 1, 1, 1, 1, 1, 1, 1, 1, 1, 1, 1, 1, 1, 1, ],]
best_mc_result_fixed_tau =   [0.00339885, ]
evolved_state_fixed_tau =   [[-0.06796, -0.0332742, -0.621112, -0.320576, -0.06796, -0.0332742, -0.06796, -0.0332742, -0.621112, -0.320576, -0.06796, -0.0332742, ],]
