START_PARAMETERS
MAX_STEPS_MCDB =               128
MIN_STEPS_MCDB =               8
STEPS_CRUNCH_MCDB =            1
SWEEPS_MCDB =                  50
GROUND_E =                -2.08628
INITIAL_E =               -2.07179
j_initial =               0.224
k_initial =               0.5
b_initial =               0
j_target =                0.15
k_target =                0.5
b_target =                0
init_target_dot_squared = 0.993333
init_state = [-0.139315, 0, -0.679104, 0, -0.139315, 0, -0.139315, 0, -0.679104, 0, -0.139315, 0, ]
target_state = [-0.0996402, 0, -0.692924, 0, -0.0996402, 0, -0.0996402, 0, -0.692924, 0, -0.0996402, 0, ]
USE_ENERGY_DISTANCE =     false
PERIODIC =                false
UNIFORM_SITES =           true
DEVICE_DIMENSION =        2
MAX_PARAM =               1
MIN_PARAM =               0
MIN_PARAM =               0
DIAG =                    false
NUM_SEEDS =               1
DISTANCE_LIMIT =          0.005
TAU_INIT =                0.05
MAX_TAU =                 3
TAU_SCALAR =              1.1
TAU_SCALAR_TINY =         1.05
TAU_SCALAR_BIG =          1.2
ACCEPTANCE_PROB =         0.85
TEMP_EXP_DECAY =          0.8
TEMP_DECAY_ITERATIONS =   20
TEMP_DECAY_LIMIT =        5
RANDOM_STATES =           3
INIT_OVERLAP_LIMIT =      0.99999
END_PARAMETERS
##############################################################################
clock_duration  =         0.524751
tau =                     0.05
total_steps =             32
time_step =               0.0015625
best_mc_result =          0.00603438
evolved_target_dot_squared =  0.993966
best_evolved_state = [-0.135028, -0.0251138, -0.665988, -0.136869, -0.135028, -0.0251138, -0.135028, -0.0251138, -0.665988, -0.136869, -0.135028, -0.0251138, ]
distance =          0.905067
j_protocol =  [[0, 0, 0, 0, 0, 0, 0, 0, 0, 0, 0, 0, 0, 0, 0, 0, 0, 0, 0, 0, 1, 1, 1, 1, 1, 1, 1, 1, 1, 1, 1, 1, ],]
k_protocol =  [[1, 1, 1, 1, 1, 1, 1, 1, 1, 1, 1, 1, 1, 1, 1, 1, 1, 1, 1, 1, 1, 1, 1, 1, 1, 1, 1, 1, 1, 1, 0, 0, ],]
b_protocol =  [[1, 1, 1, 1, 1, 1, 1, 1, 1, 1, 1, 1, 1, 1, 1, 1, 1, 1, 1, 1, 1, 1, 1, 1, 1, 1, 1, 1, 1, 1, 1, 1, ],]
best_mc_result_fixed_tau =   [0.00603438, ]
evolved_state_fixed_tau =   [[-0.135028, -0.0251138, -0.665988, -0.136869, -0.135028, -0.0251138, -0.135028, -0.0251138, -0.665988, -0.136869, -0.135028, -0.0251138, ],]
##############################################################################
clock_duration  =         1.09628
tau =                     0.12
total_steps =             32
time_step =               0.00375
best_mc_result =          0.00348336
evolved_target_dot_squared =  0.996517
best_evolved_state = [-0.115184, -0.0563061, -0.60487, -0.318208, -0.115184, -0.0563061, -0.115184, -0.0563061, -0.60487, -0.318208, -0.115184, -0.0563061, ]
distance =          0.522452
j_protocol =  [[0, 0, 0, 0, 0, 0, 0, 0, 0, 0, 0, 0, 0, 0, 0, 0, 0, 0, 0, 0, 1, 1, 1, 1, 1, 1, 1, 1, 1, 1, 1, 1, ],]
k_protocol =  [[1, 1, 1, 1, 1, 1, 1, 1, 1, 1, 1, 1, 1, 1, 1, 1, 1, 1, 1, 1, 1, 1, 1, 1, 1, 1, 1, 1, 1, 1, 0, 0, ],]
b_protocol =  [[1, 1, 1, 1, 1, 1, 1, 1, 1, 1, 1, 1, 1, 1, 1, 1, 1, 1, 1, 1, 1, 1, 1, 1, 1, 1, 1, 1, 1, 1, 1, 1, ],]
best_mc_result_fixed_tau =   [0.00348336, ]
evolved_state_fixed_tau =   [[-0.115184, -0.0563061, -0.60487, -0.318208, -0.115184, -0.0563061, -0.115184, -0.0563061, -0.60487, -0.318208, -0.115184, -0.0563061, ],]
