START_PARAMETERS
MAX_STEPS_MCDB =               128
MIN_STEPS_MCDB =               8
STEPS_CRUNCH_MCDB =            1
SWEEPS_MCDB =                  50
GROUND_E =                -2.73205
INITIAL_E =               -2.70638
j_initial =               0.745
k_initial =               0.5
b_initial =               0
j_target =                0.5
k_target =                0.5
b_target =                0
init_target_dot_squared = 0.992589
init_state = [0.267222, 0, 0.597649, 0, 0.267222, 0, 0.267222, 0, 0.597649, 0, 0.267222, 0, ]
target_state = [-0.22985, 0, -0.627963, 0, -0.22985, 0, -0.22985, 0, -0.627963, 0, -0.22985, 0, ]
USE_ENERGY_DISTANCE =     false
PERIODIC =                false
UNIFORM_SITES =           true
DEVICE_DIMENSION =        2
MAX_PARAM =               1
MIN_PARAM =               0
MIN_PARAM =               0
DIAG =                    false
NUM_SEEDS =               1
DISTANCE_LIMIT =          0.005
TAU_INIT =                0.05
MAX_TAU =                 3
TAU_SCALAR =              1.1
TAU_SCALAR_TINY =         1.05
TAU_SCALAR_BIG =          1.2
ACCEPTANCE_PROB =         0.85
TEMP_EXP_DECAY =          0.8
TEMP_DECAY_ITERATIONS =   20
TEMP_DECAY_LIMIT =        5
RANDOM_STATES =           3
INIT_OVERLAP_LIMIT =      0.99999
END_PARAMETERS
##############################################################################
clock_duration  =         0.580999
tau =                     0.05
total_steps =             32
time_step =               0.0015625
best_mc_result =          0.00653199
evolved_target_dot_squared =  0.993468
best_evolved_state = [0.260977, 0.0444368, 0.588896, 0.114166, 0.260977, 0.0444368, 0.260977, 0.0444368, 0.588896, 0.114166, 0.260977, 0.0444368, ]
distance =          0.881433
j_protocol =  [[0, 0, 0, 0, 0, 0, 0, 0, 1, 1, 1, 1, 1, 1, 1, 1, 1, 1, 1, 1, 1, 1, 1, 1, 1, 1, 1, 1, 1, 1, 1, 1, ],]
k_protocol =  [[1, 1, 1, 1, 1, 1, 1, 1, 1, 1, 1, 1, 1, 1, 1, 1, 1, 1, 1, 1, 0, 0, 0, 0, 0, 0, 0, 0, 0, 0, 0, 0, ],]
b_protocol =  [[1, 1, 1, 1, 1, 1, 1, 1, 1, 1, 1, 1, 1, 1, 1, 1, 1, 1, 1, 1, 1, 1, 1, 1, 1, 1, 1, 1, 1, 1, 1, 1, ],]
best_mc_result_fixed_tau =   [0.00653199, ]
evolved_state_fixed_tau =   [[0.260977, 0.0444368, 0.588896, 0.114166, 0.260977, 0.0444368, 0.260977, 0.0444368, 0.588896, 0.114166, 0.260977, 0.0444368, ],]
##############################################################################
clock_duration  =         1.18095
tau =                     0.12
total_steps =             32
time_step =               0.00375
best_mc_result =          0.00314071
evolved_target_dot_squared =  0.996859
best_evolved_state = [0.231813, 0.102282, 0.548031, 0.266954, 0.231813, 0.102282, 0.231813, 0.102282, 0.548031, 0.266954, 0.231813, 0.102282, ]
distance =          0.42381
j_protocol =  [[0, 0, 0, 0, 0, 0, 0, 0, 1, 1, 1, 1, 1, 1, 1, 1, 1, 1, 1, 1, 1, 1, 1, 1, 1, 1, 1, 1, 1, 1, 1, 1, ],]
k_protocol =  [[1, 1, 1, 1, 1, 1, 1, 1, 1, 1, 1, 1, 1, 1, 1, 1, 1, 1, 1, 1, 0, 0, 0, 0, 0, 0, 0, 0, 0, 0, 0, 0, ],]
b_protocol =  [[1, 1, 1, 1, 1, 1, 1, 1, 1, 1, 1, 1, 1, 1, 1, 1, 1, 1, 1, 1, 1, 1, 1, 1, 1, 1, 1, 1, 1, 1, 1, 1, ],]
best_mc_result_fixed_tau =   [0.00314071, ]
evolved_state_fixed_tau =   [[0.231813, 0.102282, 0.548031, 0.266954, 0.231813, 0.102282, 0.231813, 0.102282, 0.548031, 0.266954, 0.231813, 0.102282, ],]
