START_PARAMETERS
MAX_STEPS_MCDB =               128
MIN_STEPS_MCDB =               8
STEPS_CRUNCH_MCDB =            1
SWEEPS_MCDB =                  50
GROUND_E =                -2.18381
INITIAL_E =               -2.16167
j_initial =               0.335
k_initial =               0.5
b_initial =               0
j_target =                0.224
k_target =                0.5
b_target =                0
init_target_dot_squared = 0.990647
init_state = [-0.185102, 0, -0.656867, 0, -0.185102, 0, -0.185102, 0, -0.656867, 0, -0.185102, 0, ]
target_state = [-0.139315, 0, -0.679104, 0, -0.139315, 0, -0.139315, 0, -0.679104, 0, -0.139315, 0, ]
USE_ENERGY_DISTANCE =     false
PERIODIC =                false
UNIFORM_SITES =           true
DEVICE_DIMENSION =        2
MAX_PARAM =               1
MIN_PARAM =               0
MIN_PARAM =               0
DIAG =                    false
NUM_SEEDS =               1
DISTANCE_LIMIT =          0.005
TAU_INIT =                0.05
MAX_TAU =                 3
TAU_SCALAR =              1.1
TAU_SCALAR_TINY =         1.05
TAU_SCALAR_BIG =          1.2
ACCEPTANCE_PROB =         0.85
TEMP_EXP_DECAY =          0.8
TEMP_DECAY_ITERATIONS =   20
TEMP_DECAY_LIMIT =        5
RANDOM_STATES =           3
INIT_OVERLAP_LIMIT =      0.99999
END_PARAMETERS
##############################################################################
clock_duration  =         0.600084
tau =                     0.05
total_steps =             32
time_step =               0.0015625
best_mc_result =          0.00845317
evolved_target_dot_squared =  0.991547
best_evolved_state = [-0.179896, -0.0324507, -0.645475, -0.128572, -0.179896, -0.0324507, -0.179896, -0.0324507, -0.645475, -0.128572, -0.179896, -0.0324507, ]
distance =          0.903812
j_protocol =  [[0, 0, 0, 0, 0, 0, 0, 0, 0, 0, 0, 0, 0, 0, 0, 0, 1, 1, 1, 1, 1, 1, 1, 1, 1, 1, 1, 1, 1, 1, 1, 1, ],]
k_protocol =  [[1, 1, 1, 1, 1, 1, 1, 1, 1, 1, 1, 1, 1, 1, 1, 1, 1, 1, 1, 1, 1, 1, 1, 1, 1, 1, 1, 0, 0, 0, 0, 0, ],]
b_protocol =  [[1, 1, 1, 1, 1, 1, 1, 1, 1, 1, 1, 1, 1, 1, 1, 1, 1, 1, 1, 1, 1, 1, 1, 1, 1, 1, 1, 1, 1, 1, 1, 1, ],]
best_mc_result_fixed_tau =   [0.00845317, ]
evolved_state_fixed_tau =   [[-0.179896, -0.0324507, -0.645475, -0.128572, -0.179896, -0.0324507, -0.179896, -0.0324507, -0.645475, -0.128572, -0.179896, -0.0324507, ],]
##############################################################################
clock_duration  =         1.19873
tau =                     0.12
total_steps =             32
time_step =               0.00375
best_mc_result =          0.00483603
evolved_target_dot_squared =  0.995164
best_evolved_state = [-0.155414, -0.0733117, -0.587959, -0.308623, -0.155414, -0.0733117, -0.155414, -0.0733117, -0.587959, -0.308623, -0.155414, -0.0733117, ]
distance =          0.517068
j_protocol =  [[0, 0, 0, 0, 0, 0, 0, 0, 0, 0, 0, 0, 0, 0, 0, 0, 1, 1, 1, 1, 1, 1, 1, 1, 1, 1, 1, 1, 1, 1, 1, 1, ],]
k_protocol =  [[1, 1, 1, 1, 1, 1, 1, 1, 1, 1, 1, 1, 1, 1, 1, 1, 1, 1, 1, 1, 1, 1, 1, 1, 1, 1, 1, 1, 0, 0, 0, 0, ],]
b_protocol =  [[1, 1, 1, 1, 1, 1, 1, 1, 1, 1, 1, 1, 1, 1, 1, 1, 1, 1, 1, 1, 1, 1, 1, 1, 1, 1, 1, 1, 1, 1, 1, 1, ],]
best_mc_result_fixed_tau =   [0.00483603, ]
evolved_state_fixed_tau =   [[-0.155414, -0.0733117, -0.587959, -0.308623, -0.155414, -0.0733117, -0.155414, -0.0733117, -0.587959, -0.308623, -0.155414, -0.0733117, ],]
