START_PARAMETERS
MAX_STEPS_MCDB =               128
MIN_STEPS_MCDB =               8
STEPS_CRUNCH_MCDB =            1
SWEEPS_MCDB =                  50
GROUND_E =                -2.99419
INITIAL_E =               -2.97026
j_initial =               0.911
k_initial =               0.5
b_initial =               0
j_target =                0.61
k_target =                0.5
b_target =                0
init_target_dot_squared = 0.994
init_state = [0.282444, 0, 0.583481, 0, 0.282444, 0, 0.282444, 0, 0.583481, 0, 0.282444, 0, ]
target_state = [-0.249636, 0, -0.61267, 0, -0.249636, 0, -0.249636, 0, -0.61267, 0, -0.249636, 0, ]
USE_ENERGY_DISTANCE =     false
PERIODIC =                false
UNIFORM_SITES =           true
DEVICE_DIMENSION =        2
MAX_PARAM =               1
MIN_PARAM =               0
MIN_PARAM =               0
DIAG =                    false
NUM_SEEDS =               1
DISTANCE_LIMIT =          0.005
TAU_INIT =                0.05
MAX_TAU =                 3
TAU_SCALAR =              1.1
TAU_SCALAR_TINY =         1.05
TAU_SCALAR_BIG =          1.2
ACCEPTANCE_PROB =         0.85
TEMP_EXP_DECAY =          0.8
TEMP_DECAY_ITERATIONS =   20
TEMP_DECAY_LIMIT =        5
RANDOM_STATES =           3
INIT_OVERLAP_LIMIT =      0.99999
END_PARAMETERS
##############################################################################
clock_duration  =         0.607984
tau =                     0.05
total_steps =             32
time_step =               0.0015625
best_mc_result =          0.00523939
evolved_target_dot_squared =  0.994761
best_evolved_state = [0.276087, 0.0470314, 0.57517, 0.11094, 0.276087, 0.0470314, 0.276087, 0.0470314, 0.57517, 0.11094, 0.276087, 0.0470314, ]
distance =          0.873162
j_protocol =  [[0, 0, 0, 0, 0, 0, 1, 1, 1, 1, 1, 1, 1, 1, 1, 1, 1, 1, 1, 1, 1, 1, 1, 1, 1, 1, 1, 1, 1, 1, 1, 1, ],]
k_protocol =  [[1, 1, 1, 1, 1, 1, 1, 1, 1, 1, 1, 1, 1, 1, 1, 1, 1, 1, 0, 0, 0, 0, 0, 0, 0, 0, 0, 0, 0, 0, 0, 0, ],]
b_protocol =  [[1, 1, 1, 1, 1, 1, 1, 1, 1, 1, 1, 1, 1, 1, 1, 1, 1, 1, 1, 1, 1, 1, 1, 1, 1, 1, 1, 1, 1, 1, 1, 1, ],]
best_mc_result_fixed_tau =   [0.00523939, ]
evolved_state_fixed_tau =   [[0.276087, 0.0470314, 0.57517, 0.11094, 0.276087, 0.0470314, 0.276087, 0.0470314, 0.57517, 0.11094, 0.276087, 0.0470314, ],]
##############################################################################
clock_duration  =         1.20796
tau =                     0.12
total_steps =             32
time_step =               0.00375
best_mc_result =          0.00235053
evolved_target_dot_squared =  0.997649
best_evolved_state = [0.246368, 0.108625, 0.536354, 0.259482, 0.246368, 0.108625, 0.246368, 0.108625, 0.536354, 0.259482, 0.246368, 0.108625, ]
distance =          0.391725
j_protocol =  [[0, 0, 0, 0, 0, 0, 1, 1, 1, 1, 1, 1, 1, 1, 1, 1, 1, 1, 1, 1, 1, 1, 1, 1, 1, 1, 1, 1, 1, 1, 1, 1, ],]
k_protocol =  [[1, 1, 1, 1, 1, 1, 1, 1, 1, 1, 1, 1, 1, 1, 1, 1, 1, 1, 0, 0, 0, 0, 0, 0, 0, 0, 0, 0, 0, 0, 0, 0, ],]
b_protocol =  [[1, 1, 1, 1, 1, 1, 1, 1, 1, 1, 1, 1, 1, 1, 1, 1, 1, 1, 1, 1, 1, 1, 1, 1, 1, 1, 1, 1, 1, 1, 1, 1, ],]
best_mc_result_fixed_tau =   [0.00235053, ]
evolved_state_fixed_tau =   [[0.246368, 0.108625, 0.536354, 0.259482, 0.246368, 0.108625, 0.246368, 0.108625, 0.536354, 0.259482, 0.246368, 0.108625, ],]
