START_PARAMETERS
MAX_STEPS_MCDB =               128
MIN_STEPS_MCDB =               8
STEPS_CRUNCH_MCDB =            1
SWEEPS_MCDB =                  50
GROUND_E =                -2.73205
INITIAL_E =               -2.6986
j_initial =               0.335
k_initial =               0.5
b_initial =               0
j_target =                0.5
k_target =                0.5
b_target =                0
init_target_dot_squared = 0.990343
init_state = [-0.185102, 0, -0.656867, 0, -0.185102, 0, -0.185102, 0, -0.656867, 0, -0.185102, 0, ]
target_state = [-0.22985, 0, -0.627963, 0, -0.22985, 0, -0.22985, 0, -0.627963, 0, -0.22985, 0, ]
USE_ENERGY_DISTANCE =     false
PERIODIC =                false
UNIFORM_SITES =           true
DEVICE_DIMENSION =        2
MAX_PARAM =               1
MIN_PARAM =               0
MIN_PARAM =               0
DIAG =                    false
NUM_SEEDS =               1
DISTANCE_LIMIT =          0.005
TAU_INIT =                0.05
MAX_TAU =                 3
TAU_SCALAR =              1.1
TAU_SCALAR_TINY =         1.05
TAU_SCALAR_BIG =          1.2
ACCEPTANCE_PROB =         0.85
TEMP_EXP_DECAY =          0.8
TEMP_DECAY_ITERATIONS =   20
TEMP_DECAY_LIMIT =        5
RANDOM_STATES =           3
INIT_OVERLAP_LIMIT =      0.99999
END_PARAMETERS
##############################################################################
clock_duration  =         0.500224
tau =                     0.05
total_steps =             32
time_step =               0.0015625
best_mc_result =          0.00865069
evolved_target_dot_squared =  0.991349
best_evolved_state = [-0.183459, -0.0409582, -0.644009, -0.120759, -0.183459, -0.0409582, -0.183459, -0.0409582, -0.644009, -0.120759, -0.183459, -0.0409582, ]
distance =          0.895798
j_protocol =  [[1, 1, 1, 1, 1, 1, 1, 1, 1, 1, 1, 1, 1, 1, 1, 1, 1, 1, 1, 1, 0, 0, 0, 0, 0, 0, 0, 0, 0, 0, 0, 0, ],]
k_protocol =  [[0, 0, 0, 0, 0, 0, 0, 0, 1, 1, 1, 1, 1, 1, 1, 1, 1, 1, 1, 1, 1, 1, 1, 1, 1, 1, 1, 1, 1, 1, 1, 1, ],]
b_protocol =  [[1, 1, 1, 1, 1, 1, 1, 1, 1, 1, 1, 1, 1, 1, 1, 1, 1, 1, 1, 1, 1, 1, 1, 1, 1, 1, 1, 1, 1, 1, 1, 1, ],]
best_mc_result_fixed_tau =   [0.00865069, ]
evolved_state_fixed_tau =   [[-0.183459, -0.0409582, -0.644009, -0.120759, -0.183459, -0.0409582, -0.183459, -0.0409582, -0.644009, -0.120759, -0.183459, -0.0409582, ],]
##############################################################################
clock_duration  =         1.06367
tau =                     0.12
total_steps =             32
time_step =               0.00375
best_mc_result =          0.00465873
evolved_target_dot_squared =  0.995341
best_evolved_state = [-0.175714, -0.0972087, -0.584112, -0.279578, -0.175714, -0.0972087, -0.175714, -0.0972087, -0.584112, -0.279578, -0.175714, -0.0972087, ]
distance =          0.482422
j_protocol =  [[1, 1, 1, 1, 1, 1, 1, 1, 1, 1, 1, 1, 1, 1, 1, 1, 1, 1, 1, 1, 0, 0, 0, 0, 0, 0, 0, 0, 0, 0, 0, 0, ],]
k_protocol =  [[0, 0, 0, 0, 0, 0, 0, 0, 1, 1, 1, 1, 1, 1, 1, 1, 1, 1, 1, 1, 1, 1, 1, 1, 1, 1, 1, 1, 1, 1, 1, 1, ],]
b_protocol =  [[1, 1, 1, 1, 1, 1, 1, 1, 1, 1, 1, 1, 1, 1, 1, 1, 1, 1, 1, 1, 1, 1, 1, 1, 1, 1, 1, 1, 1, 1, 1, 1, ],]
best_mc_result_fixed_tau =   [0.00465873, ]
evolved_state_fixed_tau =   [[-0.175714, -0.0972087, -0.584112, -0.279578, -0.175714, -0.0972087, -0.175714, -0.0972087, -0.584112, -0.279578, -0.175714, -0.0972087, ],]
