START_PARAMETERS
MAX_STEPS_MCDB =               128
MIN_STEPS_MCDB =               8
STEPS_CRUNCH_MCDB =            1
SWEEPS_MCDB =                  50
GROUND_E =                -2.48452
INITIAL_E =               -2.45348
j_initial =               0.564
k_initial =               0.062
b_initial =               0
j_target =                0.679
k_target =                0.25
b_target =                0
init_target_dot_squared = 0.992178
init_state = [0.339577, 0, 0.519013, 0, 0.339577, 0, 0.339577, 0, 0.519013, 0, 0.339577, 0, ]
target_state = [0.305788, 0, 0.559453, 0, 0.305788, 0, 0.305788, 0, 0.559453, 0, 0.305788, 0, ]
USE_ENERGY_DISTANCE =     false
PERIODIC =                false
UNIFORM_SITES =           true
DEVICE_DIMENSION =        2
MAX_PARAM =               1
MIN_PARAM =               0
MIN_PARAM =               0
DIAG =                    false
NUM_SEEDS =               1
DISTANCE_LIMIT =          0.005
TAU_INIT =                0.05
MAX_TAU =                 3
TAU_SCALAR =              1.1
TAU_SCALAR_TINY =         1.05
TAU_SCALAR_BIG =          1.2
ACCEPTANCE_PROB =         0.85
TEMP_EXP_DECAY =          0.8
TEMP_DECAY_ITERATIONS =   20
TEMP_DECAY_LIMIT =        5
RANDOM_STATES =           3
INIT_OVERLAP_LIMIT =      0.99999
END_PARAMETERS
##############################################################################
clock_duration  =         0.568817
tau =                     0.05
total_steps =             32
time_step =               0.0015625
best_mc_result =          0.00718705
evolved_target_dot_squared =  0.992813
best_evolved_state = [0.3339, 0.0500218, 0.512913, 0.094538, 0.3339, 0.0500218, 0.3339, 0.0500218, 0.512913, 0.094538, 0.3339, 0.0500218, ]
distance =          0.91879
j_protocol =  [[0, 1, 1, 1, 1, 1, 1, 1, 1, 1, 1, 1, 1, 1, 1, 1, 1, 1, 1, 1, 1, 1, 1, 1, 1, 1, 1, 1, 1, 1, 1, 1, ],]
k_protocol =  [[1, 1, 1, 1, 1, 1, 1, 1, 1, 0, 0, 0, 0, 0, 0, 0, 0, 0, 0, 0, 0, 0, 0, 0, 0, 0, 0, 0, 0, 0, 0, 0, ],]
b_protocol =  [[1, 1, 1, 1, 1, 1, 1, 1, 1, 1, 1, 1, 1, 1, 1, 1, 1, 1, 1, 1, 1, 1, 1, 1, 1, 1, 1, 1, 1, 1, 1, 1, ],]
best_mc_result_fixed_tau =   [0.00718705, ]
evolved_state_fixed_tau =   [[0.3339, 0.0500218, 0.512913, 0.094538, 0.3339, 0.0500218, 0.3339, 0.0500218, 0.512913, 0.094538, 0.3339, 0.0500218, ],]
##############################################################################
clock_duration  =         1.19646
tau =                     0.12
total_steps =             32
time_step =               0.00375
best_mc_result =          0.00456913
evolved_target_dot_squared =  0.995431
best_evolved_state = [0.307243, 0.117136, 0.484321, 0.221798, 0.307243, 0.117136, 0.307243, 0.117136, 0.484321, 0.221798, 0.307243, 0.117136, ]
distance =          0.584116
j_protocol =  [[0, 1, 1, 1, 1, 1, 1, 1, 1, 1, 1, 1, 1, 1, 1, 1, 1, 1, 1, 1, 1, 1, 1, 1, 1, 1, 1, 1, 1, 1, 1, 1, ],]
k_protocol =  [[1, 1, 1, 1, 1, 1, 1, 1, 1, 0, 0, 0, 0, 0, 0, 0, 0, 0, 0, 0, 0, 0, 0, 0, 0, 0, 0, 0, 0, 0, 0, 0, ],]
b_protocol =  [[1, 1, 1, 1, 1, 1, 1, 1, 1, 1, 1, 1, 1, 1, 1, 1, 1, 1, 1, 1, 1, 1, 1, 1, 1, 1, 1, 1, 1, 1, 1, 1, ],]
best_mc_result_fixed_tau =   [0.00456913, ]
evolved_state_fixed_tau =   [[0.307243, 0.117136, 0.484321, 0.221798, 0.307243, 0.117136, 0.307243, 0.117136, 0.484321, 0.221798, 0.307243, 0.117136, ],]
