START_PARAMETERS
MAX_STEPS_MCDB =               128
MIN_STEPS_MCDB =               8
STEPS_CRUNCH_MCDB =            1
SWEEPS_MCDB =                  50
GROUND_E =                -2.26515
INITIAL_E =               -2.24026
j_initial =               0.409
k_initial =               0.5
b_initial =               0
j_target =                0.274
k_target =                0.5
b_target =                0
init_target_dot_squared = 0.990164
init_state = [0.207977, 0, 0.643033, 0, 0.207977, 0, 0.207977, 0, 0.643033, 0, 0.207977, 0, ]
target_state = [-0.161857, 0, -0.669033, 0, -0.161857, 0, -0.161857, 0, -0.669033, 0, -0.161857, 0, ]
USE_ENERGY_DISTANCE =     false
PERIODIC =                false
UNIFORM_SITES =           true
DEVICE_DIMENSION =        2
MAX_PARAM =               1
MIN_PARAM =               0
MIN_PARAM =               0
DIAG =                    false
NUM_SEEDS =               1
DISTANCE_LIMIT =          0.005
TAU_INIT =                0.05
MAX_TAU =                 3
TAU_SCALAR =              1.1
TAU_SCALAR_TINY =         1.05
TAU_SCALAR_BIG =          1.2
ACCEPTANCE_PROB =         0.85
TEMP_EXP_DECAY =          0.8
TEMP_DECAY_ITERATIONS =   20
TEMP_DECAY_LIMIT =        5
RANDOM_STATES =           3
INIT_OVERLAP_LIMIT =      0.99999
END_PARAMETERS
##############################################################################
clock_duration  =         0.583954
tau =                     0.05
total_steps =             32
time_step =               0.0015625
best_mc_result =          0.00885656
evolved_target_dot_squared =  0.991143
best_evolved_state = [0.202368, 0.035762, 0.631963, 0.127119, 0.202368, 0.035762, 0.202368, 0.035762, 0.631963, 0.127119, 0.202368, 0.035762, ]
distance =          0.900431
j_protocol =  [[0, 0, 0, 0, 0, 0, 0, 0, 0, 0, 0, 0, 0, 0, 1, 1, 1, 1, 1, 1, 1, 1, 1, 1, 1, 1, 1, 1, 1, 1, 1, 1, ],]
k_protocol =  [[1, 1, 1, 1, 1, 1, 1, 1, 1, 1, 1, 1, 1, 1, 1, 1, 1, 1, 1, 1, 1, 1, 1, 1, 1, 1, 0, 0, 0, 0, 0, 0, ],]
b_protocol =  [[1, 1, 1, 1, 1, 1, 1, 1, 1, 1, 1, 1, 1, 1, 1, 1, 1, 1, 1, 1, 1, 1, 1, 1, 1, 1, 1, 1, 1, 1, 1, 1, ],]
best_mc_result_fixed_tau =   [0.00885656, ]
evolved_state_fixed_tau =   [[0.202368, 0.035762, 0.631963, 0.127119, 0.202368, 0.035762, 0.202368, 0.035762, 0.631963, 0.127119, 0.202368, 0.035762, ],]
##############################################################################
clock_duration  =         1.09618
tau =                     0.12
total_steps =             32
time_step =               0.00375
best_mc_result =          0.00493795
evolved_target_dot_squared =  0.995062
best_evolved_state = [0.176294, 0.0812263, 0.580349, 0.296379, 0.176294, 0.0812263, 0.176294, 0.0812263, 0.580349, 0.296379, 0.176294, 0.0812263, ]
distance =          0.502033
j_protocol =  [[0, 0, 0, 0, 0, 0, 0, 0, 0, 0, 0, 0, 0, 0, 1, 1, 1, 1, 1, 1, 1, 1, 1, 1, 1, 1, 1, 1, 1, 1, 1, 1, ],]
k_protocol =  [[1, 1, 1, 1, 1, 1, 1, 1, 1, 1, 1, 1, 1, 1, 1, 1, 1, 1, 1, 1, 1, 1, 1, 1, 1, 1, 0, 0, 0, 0, 0, 0, ],]
b_protocol =  [[1, 1, 1, 1, 1, 1, 1, 1, 1, 1, 1, 1, 1, 1, 1, 1, 1, 1, 1, 1, 1, 1, 1, 1, 1, 1, 1, 1, 1, 1, 1, 1, ],]
best_mc_result_fixed_tau =   [0.00493795, ]
evolved_state_fixed_tau =   [[0.176294, 0.0812263, 0.580349, 0.296379, 0.176294, 0.0812263, 0.176294, 0.0812263, 0.580349, 0.296379, 0.176294, 0.0812263, ],]
