START_PARAMETERS
MAX_STEPS_MCDB =               128
MIN_STEPS_MCDB =               8
STEPS_CRUNCH_MCDB =            1
SWEEPS_MCDB =                  50
GROUND_E =                -2.0023
INITIAL_E =               -1.98948
j_initial =               0.082
k_initial =               0.5
b_initial =               0
j_target =                0.024
k_target =                0.5
b_target =                0
init_target_dot_squared = 0.993604
init_state = [-0.0568522, 0, -0.702521, 0, -0.0568522, 0, -0.0568522, 0, -0.702521, 0, -0.0568522, 0, ]
target_state = [0.0169413, 0, 0.706701, 0, 0.0169413, 0, 0.0169413, 0, 0.706701, 0, 0.0169413, 0, ]
USE_ENERGY_DISTANCE =     false
PERIODIC =                false
UNIFORM_SITES =           true
DEVICE_DIMENSION =        2
MAX_PARAM =               1
MIN_PARAM =               0
MIN_PARAM =               0
DIAG =                    false
NUM_SEEDS =               1
DISTANCE_LIMIT =          0.005
TAU_INIT =                0.05
MAX_TAU =                 3
TAU_SCALAR =              1.1
TAU_SCALAR_TINY =         1.05
TAU_SCALAR_BIG =          1.2
ACCEPTANCE_PROB =         0.85
TEMP_EXP_DECAY =          0.8
TEMP_DECAY_ITERATIONS =   20
TEMP_DECAY_LIMIT =        5
RANDOM_STATES =           3
INIT_OVERLAP_LIMIT =      0.99999
END_PARAMETERS
##############################################################################
clock_duration  =         0.500633
tau =                     0.05
total_steps =             32
time_step =               0.0015625
best_mc_result =          0.0060875
evolved_target_dot_squared =  0.993913
best_evolved_state = [-0.0548261, -0.0107894, -0.688321, -0.141313, -0.0548261, -0.0107894, -0.0548261, -0.0107894, -0.688321, -0.141313, -0.0548261, -0.0107894, ]
distance =          0.951738
j_protocol =  [[0, 0, 0, 0, 0, 0, 0, 0, 0, 0, 0, 0, 0, 0, 0, 0, 0, 0, 0, 0, 0, 0, 0, 0, 0, 0, 0, 1, 1, 1, 1, 1, ],]
k_protocol =  [[1, 1, 1, 1, 1, 1, 1, 1, 1, 1, 1, 1, 1, 1, 1, 1, 1, 1, 1, 1, 1, 1, 1, 1, 1, 1, 1, 1, 1, 1, 1, 1, ],]
b_protocol =  [[1, 1, 1, 1, 1, 1, 1, 1, 1, 1, 1, 1, 1, 1, 1, 1, 1, 1, 1, 1, 1, 1, 1, 1, 1, 1, 1, 1, 1, 1, 1, 1, ],]
best_mc_result_fixed_tau =   [0.0060875, ]
evolved_state_fixed_tau =   [[-0.0548261, -0.0107894, -0.688321, -0.141313, -0.0548261, -0.0107894, -0.0548261, -0.0107894, -0.688321, -0.141313, -0.0548261, -0.0107894, ],]
##############################################################################
clock_duration  =         1.00838
tau =                     0.12
total_steps =             32
time_step =               0.00375
best_mc_result =          0.00475047
evolved_target_dot_squared =  0.99525
best_evolved_state = [-0.0454995, -0.0237884, -0.622086, -0.328233, -0.0454995, -0.0237884, -0.0454995, -0.0237884, -0.622086, -0.328233, -0.0454995, -0.0237884, ]
distance =          0.742703
j_protocol =  [[0, 0, 0, 0, 0, 0, 0, 0, 0, 0, 0, 0, 0, 0, 0, 0, 0, 0, 0, 0, 0, 0, 0, 0, 0, 0, 0, 1, 1, 1, 1, 1, ],]
k_protocol =  [[1, 1, 1, 1, 1, 1, 1, 1, 1, 1, 1, 1, 1, 1, 1, 1, 1, 1, 1, 1, 1, 1, 1, 1, 1, 1, 1, 1, 1, 1, 1, 1, ],]
b_protocol =  [[1, 1, 1, 1, 1, 1, 1, 1, 1, 1, 1, 1, 1, 1, 1, 1, 1, 1, 1, 1, 1, 1, 1, 1, 1, 1, 1, 1, 1, 1, 1, 1, ],]
best_mc_result_fixed_tau =   [0.00475047, ]
evolved_state_fixed_tau =   [[-0.0454995, -0.0237884, -0.622086, -0.328233, -0.0454995, -0.0237884, -0.0454995, -0.0237884, -0.622086, -0.328233, -0.0454995, -0.0237884, ],]
