START_PARAMETERS
TIME_STEP_ADIA =             0.0005
GROUND_E =                -1.465
INITIAL_E =               -1.3935
j_initial =               0.95
k_initial =               0.95
b_initial =               0
j_target =                0.5
k_target =                0.95
b_target =                0
init_target_dot_squared = 0.984341
init_state = [0.052984, 0, 0.0542258, 0, 0.052984, 0, 0.154867, 0, 0.228963, 0, 0.052984, 0, 0.228963, 0, 0.211854, 0, 0.228963, 0, 0.211854, 0, 0.052984, 0, 0.228963, 0, 0.154867, 0, 0.284543, 0, 0.211854, 0, 0.0542258, 0, 0.154867, 0, 0.0808058, 0, 0.154867, 0, 0.228963, 0, 0.052984, 0, 0.154867, 0, 0.284543, 0, 0.154867, 0, 0.228963, 0, 0.211854, 0, 0.228963, 0, 0.052984, 0, 0.0808058, 0, 0.154867, 0, 0.0542258, 0, 0.052984, 0, 0.228963, 0, 0.154867, 0, 0.0542258, 0, 0.052984, 0, ]
target_state = [0.0368695, 0, 0.0321792, 0, 0.0368695, 0, 0.132554, 0, 0.24808, 0, 0.0368695, 0, 0.24808, 0, 0.194014, 0, 0.24808, 0, 0.194014, 0, 0.0368695, 0, 0.24808, 0, 0.132554, 0, 0.313394, 0, 0.194014, 0, 0.0321792, 0, 0.132554, 0, 0.0503528, 0, 0.132554, 0, 0.24808, 0, 0.0368695, 0, 0.132554, 0, 0.313394, 0, 0.132554, 0, 0.24808, 0, 0.194014, 0, 0.24808, 0, 0.0368695, 0, 0.0503528, 0, 0.132554, 0, 0.0321792, 0, 0.0368695, 0, 0.24808, 0, 0.132554, 0, 0.0321792, 0, 0.0368695, 0, ]
USE_ENERGY_DISTANCE =     false
PERIODIC =                false
UNIFORM_SITES =           true
DEVICE_DIMENSION =        2
MAX_PARAM =               1
MIN_PARAM =               0
MIN_PARAM =               0
DIAG =                    false
NUM_SEEDS =               3
DISTANCE_LIMIT =          0.01
TAU_INIT =                0.5
MAX_TAU =                 5
TAU_SCALAR =              1.05
TAU_SCALAR_TINY =         1.025
TAU_SCALAR_BIG =          1.1
ACCEPTANCE_PROB =         0.85
TEMP_EXP_DECAY =          0.8
TEMP_DECAY_ITERATIONS =   40
TEMP_DECAY_LIMIT =        15
RANDOM_STATES =           3
INIT_OVERLAP_LIMIT =      0.99999
END_PARAMETERS
##############################################################################
tau =               0.5
total_steps =       1000
time_step  =        0.0005
best_mc_result  =           0.00789484
evolved_target_dot_squared =   0.992105
best_evolved_state = [0.0182332, 0.0318823, 0.0292495, 0.0345343, 0.0182332, 0.0318823, 0.060182, 0.132869, 0.0714263, 0.231205, 0.0182332, 0.0318823, 0.0714263, 0.231205, 0.0747705, 0.180662, 0.0714263, 0.231205, 0.0747705, 0.180662, 0.0182332, 0.0318823, 0.0714263, 0.231205, 0.060182, 0.132869, 0.0843542, 0.288153, 0.0747705, 0.180662, 0.0292495, 0.0345343, 0.060182, 0.132869, 0.0397959, 0.0546268, 0.060182, 0.132869, 0.0714263, 0.231205, 0.0182332, 0.0318823, 0.060182, 0.132869, 0.0843542, 0.288153, 0.060182, 0.132869, 0.0714263, 0.231205, 0.0747705, 0.180662, 0.0714263, 0.231205, 0.0182332, 0.0318823, 0.0397959, 0.0546268, 0.060182, 0.132869, 0.0292495, 0.0345343, 0.0182332, 0.0318823, 0.0714263, 0.231205, 0.060182, 0.132869, 0.0292495, 0.0345343, 0.0182332, 0.0318823, ]
distance  =         0.504161
clock_duration  =         0.443162
