START_PARAMETERS
TIME_STEP_ADIA =             0.001
GROUND_E =                -1.30379
INITIAL_E =               -1.26506
j_initial =               0.95
k_initial =               0.95
b_initial =               0
j_target =                0.425
k_target =                0.725
b_target =                0
init_target_dot_squared = 0.989611
init_state = [-0.052984, 0, -0.0542258, 0, -0.052984, 0, -0.154867, 0, -0.228963, 0, -0.052984, 0, -0.228963, 0, -0.211854, 0, -0.228963, 0, -0.211854, 0, -0.052984, 0, -0.228963, 0, -0.154867, 0, -0.284543, 0, -0.211854, 0, -0.0542258, 0, -0.154867, 0, -0.0808058, 0, -0.154867, 0, -0.228963, 0, -0.052984, 0, -0.154867, 0, -0.284543, 0, -0.154867, 0, -0.228963, 0, -0.211854, 0, -0.228963, 0, -0.052984, 0, -0.0808058, 0, -0.154867, 0, -0.0542258, 0, -0.052984, 0, -0.228963, 0, -0.154867, 0, -0.0542258, 0, -0.052984, 0, ]
target_state = [0.0394453, 0, 0.0356983, 0, 0.0394453, 0, 0.137106, 0, 0.244522, 0, 0.0394453, 0, 0.244522, 0, 0.198515, 0, 0.244522, 0, 0.198515, 0, 0.0394453, 0, 0.244522, 0, 0.137106, 0, 0.308191, 0, 0.198515, 0, 0.0356983, 0, 0.137106, 0, 0.0554451, 0, 0.137106, 0, 0.244522, 0, 0.0394453, 0, 0.137106, 0, 0.308191, 0, 0.137106, 0, 0.244522, 0, 0.198515, 0, 0.244522, 0, 0.0394453, 0, 0.0554451, 0, 0.137106, 0, 0.0356983, 0, 0.0394453, 0, 0.244522, 0, 0.137106, 0, 0.0356983, 0, 0.0394453, 0, ]
USE_ENERGY_DISTANCE =     false
PERIODIC =                false
UNIFORM_SITES =           true
DEVICE_DIMENSION =        2
MAX_PARAM =               1
MIN_PARAM =               0
MIN_PARAM =               0
DIAG =                    false
NUM_SEEDS =               3
DISTANCE_LIMIT =          0.01
TAU_INIT =                0.2
MAX_TAU =                 5
TAU_SCALAR =              1.1
TAU_SCALAR_TINY =         1.05
TAU_SCALAR_BIG =          1.2
ACCEPTANCE_PROB =         0.85
TEMP_EXP_DECAY =          0.8
TEMP_DECAY_ITERATIONS =   20
TEMP_DECAY_LIMIT =        10
RANDOM_STATES =           3
INIT_OVERLAP_LIMIT =      0.99999
END_PARAMETERS
##############################################################################
tau =               0.2
total_steps =       200
time_step  =        0.001
best_mc_result  =           0.00944216
evolved_target_dot_squared =   0.990558
best_evolved_state = [-0.0472014, -0.016667, -0.0498476, -0.0198908, -0.0472014, -0.016667, -0.138641, -0.0661261, -0.202821, -0.110801, -0.0472014, -0.016667, -0.202821, -0.110801, -0.188844, -0.0903818, -0.202821, -0.110801, -0.188844, -0.0903818, -0.0472014, -0.016667, -0.202821, -0.110801, -0.138641, -0.0661261, -0.251491, -0.137726, -0.188844, -0.0903818, -0.0498476, -0.0198908, -0.138641, -0.0661261, -0.0736245, -0.0297788, -0.138641, -0.0661261, -0.202821, -0.110801, -0.0472014, -0.016667, -0.138641, -0.0661261, -0.251491, -0.137726, -0.138641, -0.0661261, -0.202821, -0.110801, -0.188844, -0.0903818, -0.202821, -0.110801, -0.0472014, -0.016667, -0.0736245, -0.0297788, -0.138641, -0.0661261, -0.0498476, -0.0198908, -0.0472014, -0.016667, -0.202821, -0.110801, -0.138641, -0.0661261, -0.0498476, -0.0198908, -0.0472014, -0.016667, ]
distance  =         0.908835
clock_duration  =         0.271472
