START_PARAMETERS
TIME_STEP_ADIA =             0.0005
GROUND_E =                -1.21314
INITIAL_E =               -1.20989
j_initial =               0.95
k_initial =               0.95
b_initial =               0
j_target =                0.35
k_target =                0.425
b_target =                0
init_target_dot_squared = 0.99881
init_state = [0.052984, 0, 0.0542258, 0, 0.052984, 0, 0.154867, 0, 0.228963, 0, 0.052984, 0, 0.228963, 0, 0.211854, 0, 0.228963, 0, 0.211854, 0, 0.052984, 0, 0.228963, 0, 0.154867, 0, 0.284543, 0, 0.211854, 0, 0.0542258, 0, 0.154867, 0, 0.0808058, 0, 0.154867, 0, 0.228963, 0, 0.052984, 0, 0.154867, 0, 0.284543, 0, 0.154867, 0, 0.228963, 0, 0.211854, 0, 0.228963, 0, 0.052984, 0, 0.0808058, 0, 0.154867, 0, 0.0542258, 0, 0.052984, 0, 0.228963, 0, 0.154867, 0, 0.0542258, 0, 0.052984, 0, ]
target_state = [-0.0479684, 0, -0.047405, 0, -0.0479684, 0, -0.149313, 0, -0.234171, 0, -0.0479684, 0, -0.234171, 0, -0.20855, 0, -0.234171, 0, -0.20855, 0, -0.0479684, 0, -0.234171, 0, -0.149313, 0, -0.292649, 0, -0.20855, 0, -0.047405, 0, -0.149313, 0, -0.0717572, 0, -0.149313, 0, -0.234171, 0, -0.0479684, 0, -0.149313, 0, -0.292649, 0, -0.149313, 0, -0.234171, 0, -0.20855, 0, -0.234171, 0, -0.0479684, 0, -0.0717572, 0, -0.149313, 0, -0.047405, 0, -0.0479684, 0, -0.234171, 0, -0.149313, 0, -0.047405, 0, -0.0479684, 0, ]
USE_ENERGY_DISTANCE =     false
PERIODIC =                false
UNIFORM_SITES =           true
DEVICE_DIMENSION =        2
MAX_PARAM =               1
MIN_PARAM =               0
MIN_PARAM =               0
DIAG =                    false
NUM_SEEDS =               3
DISTANCE_LIMIT =          0.01
TAU_INIT =                0.5
MAX_TAU =                 5
TAU_SCALAR =              1.05
TAU_SCALAR_TINY =         1.025
TAU_SCALAR_BIG =          1.1
ACCEPTANCE_PROB =         0.85
TEMP_EXP_DECAY =          0.8
TEMP_DECAY_ITERATIONS =   40
TEMP_DECAY_LIMIT =        15
RANDOM_STATES =           3
INIT_OVERLAP_LIMIT =      0.99999
END_PARAMETERS
##############################################################################
tau =               0
total_steps =       0
time_step  =        1.11339e-310
best_mc_result  =           0
evolved_target_dot_squared =   0
best_evolved_state = [0, 0, 0, 0, 0, 0, 0, 0, 0, 0, 0, 0, 0, 0, 0, 0, 0, 0, 0, 0, 0, 0, 0, 0, 0, 0, 0, 0, 0, 0, 0, 0, 0, 0, 0, 0, 0, 0, 0, 0, 0, 0, 0, 0, 0, 0, 0, 0, 0, 0, 0, 0, 0, 0, 0, 0, 0, 0, 0, 0, 0, 0, 0, 0, 0, 0, 0, 0, 0, 0, 0, 0, ]
distance  =         0
clock_duration  =         4.66843e-310
