START_PARAMETERS
TIME_STEP_ADIA =             0.001
GROUND_E =                -3.07199
INITIAL_E =               -3.02427
j_initial =               0.95
k_initial =               0.95
b_initial =               0
j_target =                0.725
k_target =                0.35
b_target =                0
init_target_dot_squared = 0.989298
init_state = [-0.052984, 0, -0.0542258, 0, -0.052984, 0, -0.154867, 0, -0.228963, 0, -0.052984, 0, -0.228963, 0, -0.211854, 0, -0.228963, 0, -0.211854, 0, -0.052984, 0, -0.228963, 0, -0.154867, 0, -0.284543, 0, -0.211854, 0, -0.0542258, 0, -0.154867, 0, -0.0808058, 0, -0.154867, 0, -0.228963, 0, -0.052984, 0, -0.154867, 0, -0.284543, 0, -0.154867, 0, -0.228963, 0, -0.211854, 0, -0.228963, 0, -0.052984, 0, -0.0808058, 0, -0.154867, 0, -0.0542258, 0, -0.052984, 0, -0.228963, 0, -0.154867, 0, -0.0542258, 0, -0.052984, 0, ]
target_state = [0.0708802, 0, 0.0774901, 0, 0.0708802, 0, 0.168109, 0, 0.214077, 0, 0.0708802, 0, 0.214077, 0, 0.214555, 0, 0.214077, 0, 0.214555, 0, 0.0708802, 0, 0.214077, 0, 0.168109, 0, 0.259969, 0, 0.214555, 0, 0.0774901, 0, 0.168109, 0, 0.109016, 0, 0.168109, 0, 0.214077, 0, 0.0708802, 0, 0.168109, 0, 0.259969, 0, 0.168109, 0, 0.214077, 0, 0.214555, 0, 0.214077, 0, 0.0708802, 0, 0.109016, 0, 0.168109, 0, 0.0774901, 0, 0.0708802, 0, 0.214077, 0, 0.168109, 0, 0.0774901, 0, 0.0708802, 0, ]
USE_ENERGY_DISTANCE =     false
PERIODIC =                false
UNIFORM_SITES =           true
DEVICE_DIMENSION =        2
MAX_PARAM =               1
MIN_PARAM =               0
MIN_PARAM =               0
DIAG =                    false
NUM_SEEDS =               3
DISTANCE_LIMIT =          0.01
TAU_INIT =                0.2
MAX_TAU =                 5
TAU_SCALAR =              1.1
TAU_SCALAR_TINY =         1.05
TAU_SCALAR_BIG =          1.2
ACCEPTANCE_PROB =         0.85
TEMP_EXP_DECAY =          0.8
TEMP_DECAY_ITERATIONS =   20
TEMP_DECAY_LIMIT =        10
RANDOM_STATES =           3
INIT_OVERLAP_LIMIT =      0.99999
END_PARAMETERS
##############################################################################
tau =               0.2
total_steps =       200
time_step  =        0.001
best_mc_result  =           0.0095748
evolved_target_dot_squared =   0.990425
best_evolved_state = [-0.0403676, -0.0412074, -0.039761, -0.0384505, -0.0403676, -0.0412074, -0.121693, -0.0990916, -0.183377, -0.130845, -0.0403676, -0.0412074, -0.183377, -0.130845, -0.167866, -0.135884, -0.183377, -0.130845, -0.167866, -0.135884, -0.0403676, -0.0412074, -0.183377, -0.130845, -0.121693, -0.0990916, -0.228879, -0.162672, -0.167866, -0.135884, -0.039761, -0.0384505, -0.121693, -0.0990916, -0.0604239, -0.05729, -0.121693, -0.0990916, -0.183377, -0.130845, -0.0403676, -0.0412074, -0.121693, -0.0990916, -0.228879, -0.162672, -0.121693, -0.0990916, -0.183377, -0.130845, -0.167866, -0.135884, -0.183377, -0.130845, -0.0403676, -0.0412074, -0.0604239, -0.05729, -0.121693, -0.0990916, -0.039761, -0.0384505, -0.0403676, -0.0412074, -0.183377, -0.130845, -0.121693, -0.0990916, -0.039761, -0.0384505, -0.0403676, -0.0412074, ]
distance  =         0.894637
clock_duration  =         0.274665
