START_PARAMETERS
MAX_TAU_ADIA =             200
TOTAL_STEPS_ADIA =             50
GROUND_E =                -3.55738
INITIAL_E =               -3.5561
j_initial =               0.05
k_initial =               0.05
b_initial =               0
j_target =                0.95
k_target =                0.875
b_target =                0
init_target_dot_squared = 0.999812
init_state = [-0.052984, 0, -0.0542258, 0, -0.052984, 0, -0.154867, 0, -0.228963, 0, -0.052984, 0, -0.228963, 0, -0.211854, 0, -0.228963, 0, -0.211854, 0, -0.052984, 0, -0.228963, 0, -0.154867, 0, -0.284543, 0, -0.211854, 0, -0.0542258, 0, -0.154867, 0, -0.0808058, 0, -0.154867, 0, -0.228963, 0, -0.052984, 0, -0.154867, 0, -0.284543, 0, -0.154867, 0, -0.228963, 0, -0.211854, 0, -0.228963, 0, -0.052984, 0, -0.0808058, 0, -0.154867, 0, -0.0542258, 0, -0.052984, 0, -0.228963, 0, -0.154867, 0, -0.0542258, 0, -0.052984, 0, ]
target_state = [0.0551103, 0, 0.0570858, 0, 0.0551103, 0, 0.15693, 0, 0.226919, 0, 0.0551103, 0, 0.226919, 0, 0.212822, 0, 0.226919, 0, 0.212822, 0, 0.0551103, 0, 0.226919, 0, 0.15693, 0, 0.281301, 0, 0.212822, 0, 0.0570858, 0, 0.15693, 0, 0.0844978, 0, 0.15693, 0, 0.226919, 0, 0.0551103, 0, 0.15693, 0, 0.281301, 0, 0.15693, 0, 0.226919, 0, 0.212822, 0, 0.226919, 0, 0.0551103, 0, 0.0844978, 0, 0.15693, 0, 0.0570858, 0, 0.0551103, 0, 0.226919, 0, 0.15693, 0, 0.0570858, 0, 0.0551103, 0, ]
USE_ENERGY_DISTANCE =     false
PERIODIC =                false
UNIFORM_SITES =           true
DEVICE_DIMENSION =        2
MAX_PARAM =               1
MIN_PARAM =               0
MIN_PARAM =               0
DIAG =                    false
NUM_SEEDS =               3
DISTANCE_LIMIT =          0.01
TAU_INIT =                0.1
MAX_TAU =                 3
TAU_SCALAR =              1.1
TAU_SCALAR_TINY =         1.05
TAU_SCALAR_BIG =          1.2
ACCEPTANCE_PROB =         0.85
TEMP_EXP_DECAY =          0.8
TEMP_DECAY_ITERATIONS =   25
TEMP_DECAY_LIMIT =        10
RANDOM_STATES =           3
INIT_OVERLAP_LIMIT =      0.99999
END_PARAMETERS
##############################################################################
tau =               0
total_steps =       0
time_step  =        1.10607e-310
best_mc_result  =           0
evolved_target_dot_squared =   0
best_evolved_state = [0, 0, 0, 0, 0, 0, 0, 0, 0, 0, 0, 0, 0, 0, 0, 0, 0, 0, 0, 0, 0, 0, 0, 0, 0, 0, 0, 0, 0, 0, 0, 0, 0, 0, 0, 0, 0, 0, 0, 0, 0, 0, 0, 0, 0, 0, 0, 0, 0, 0, 0, 0, 0, 0, 0, 0, 0, 0, 0, 0, 0, 0, 0, 0, 0, 0, 0, 0, 0, 0, 0, 0, ]
distance  =         0
clock_duration  =         4.67802e-310
