START_PARAMETERS
TIME_STEP_ADIA =             0.0005
GROUND_E =                -4.06789
INITIAL_E =               -3.99468
j_initial =               0.95
k_initial =               0.05
b_initial =               0
j_target =                0.95
k_target =                0.425
b_target =                0
init_target_dot_squared = 0.986181
init_state = [-0.0975524, 0, -0.108203, 0, -0.0975524, 0, -0.176286, 0, -0.197916, 0, -0.0975524, 0, -0.197916, 0, -0.206211, 0, -0.197916, 0, -0.206211, 0, -0.0975524, 0, -0.197916, 0, -0.176286, 0, -0.230377, 0, -0.206211, 0, -0.108203, 0, -0.176286, 0, -0.139314, 0, -0.176286, 0, -0.197916, 0, -0.0975524, 0, -0.176286, 0, -0.230377, 0, -0.176286, 0, -0.197916, 0, -0.206211, 0, -0.197916, 0, -0.0975524, 0, -0.139314, 0, -0.176286, 0, -0.108203, 0, -0.0975524, 0, -0.197916, 0, -0.176286, 0, -0.108203, 0, -0.0975524, 0, ]
target_state = [0.0725451, 0, 0.0795508, 0, 0.0725451, 0, 0.16895, 0, 0.212906, 0, 0.0725451, 0, 0.212906, 0, 0.214336, 0, 0.212906, 0, 0.214336, 0, 0.0725451, 0, 0.212906, 0, 0.16895, 0, 0.257934, 0, 0.214336, 0, 0.0795508, 0, 0.16895, 0, 0.111307, 0, 0.16895, 0, 0.212906, 0, 0.0725451, 0, 0.16895, 0, 0.257934, 0, 0.16895, 0, 0.212906, 0, 0.214336, 0, 0.212906, 0, 0.0725451, 0, 0.111307, 0, 0.16895, 0, 0.0795508, 0, 0.0725451, 0, 0.212906, 0, 0.16895, 0, 0.0795508, 0, 0.0725451, 0, ]
USE_ENERGY_DISTANCE =     false
PERIODIC =                false
UNIFORM_SITES =           true
DEVICE_DIMENSION =        2
MAX_PARAM =               1
MIN_PARAM =               0
MIN_PARAM =               0
DIAG =                    false
NUM_SEEDS =               3
DISTANCE_LIMIT =          0.01
TAU_INIT =                0.5
MAX_TAU =                 5
TAU_SCALAR =              1.05
TAU_SCALAR_TINY =         1.025
TAU_SCALAR_BIG =          1.1
ACCEPTANCE_PROB =         0.85
TEMP_EXP_DECAY =          0.8
TEMP_DECAY_ITERATIONS =   40
TEMP_DECAY_LIMIT =        15
RANDOM_STATES =           3
INIT_OVERLAP_LIMIT =      0.99999
END_PARAMETERS
##############################################################################
tau =               0.5
total_steps =       1000
time_step  =        0.0005
best_mc_result  =           0.00843026
evolved_target_dot_squared =   0.99157
best_evolved_state = [0.0287268, -0.0695212, 0.0320104, -0.0905493, 0.0287268, -0.0695212, 0.0951449, -0.146124, 0.12397, -0.173716, 0.0287268, -0.0695212, 0.12397, -0.173716, 0.12019, -0.159647, 0.12397, -0.173716, 0.12019, -0.159647, 0.0287268, -0.0695212, 0.12397, -0.173716, 0.0951449, -0.146124, 0.151846, -0.194271, 0.12019, -0.159647, 0.0320104, -0.0905493, 0.0951449, -0.146124, 0.0503768, -0.109152, 0.0951449, -0.146124, 0.12397, -0.173716, 0.0287268, -0.0695212, 0.0951449, -0.146124, 0.151846, -0.194271, 0.0951449, -0.146124, 0.12397, -0.173716, 0.12019, -0.159647, 0.12397, -0.173716, 0.0287268, -0.0695212, 0.0503768, -0.109152, 0.0951449, -0.146124, 0.0320104, -0.0905493, 0.0287268, -0.0695212, 0.12397, -0.173716, 0.0951449, -0.146124, 0.0320104, -0.0905493, 0.0287268, -0.0695212, ]
distance  =         0.61007
clock_duration  =         0.400597
