START_PARAMETERS
TIME_STEP_ADIA =             0.001
GROUND_E =                -3.16867
INITIAL_E =               -3.12934
j_initial =               0.95
k_initial =               0.05
b_initial =               0
j_target =                0.725
k_target =                0.275
b_target =                0
init_target_dot_squared = 0.98992
init_state = [0.0975524, 0, 0.108203, 0, 0.0975524, 0, 0.176286, 0, 0.197916, 0, 0.0975524, 0, 0.197916, 0, 0.206211, 0, 0.197916, 0, 0.206211, 0, 0.0975524, 0, 0.197916, 0, 0.176286, 0, 0.230377, 0, 0.206211, 0, 0.108203, 0, 0.176286, 0, 0.139314, 0, 0.176286, 0, 0.197916, 0, 0.0975524, 0, 0.176286, 0, 0.230377, 0, 0.176286, 0, 0.197916, 0, 0.206211, 0, 0.197916, 0, 0.0975524, 0, 0.139314, 0, 0.176286, 0, 0.108203, 0, 0.0975524, 0, 0.197916, 0, 0.176286, 0, 0.108203, 0, 0.0975524, 0, ]
target_state = [-0.0759654, 0, -0.0837245, 0, -0.0759654, 0, -0.170512, 0, -0.210588, 0, -0.0759654, 0, -0.210588, 0, -0.213718, 0, -0.210588, 0, -0.213718, 0, -0.0759654, 0, -0.210588, 0, -0.170512, 0, -0.253853, 0, -0.213718, 0, -0.0837245, 0, -0.170512, 0, -0.115841, 0, -0.170512, 0, -0.210588, 0, -0.0759654, 0, -0.170512, 0, -0.253853, 0, -0.170512, 0, -0.210588, 0, -0.213718, 0, -0.210588, 0, -0.0759654, 0, -0.115841, 0, -0.170512, 0, -0.0837245, 0, -0.0759654, 0, -0.210588, 0, -0.170512, 0, -0.0837245, 0, -0.0759654, 0, ]
USE_ENERGY_DISTANCE =     false
PERIODIC =                false
UNIFORM_SITES =           true
DEVICE_DIMENSION =        2
MAX_PARAM =               1
MIN_PARAM =               0
MIN_PARAM =               0
DIAG =                    false
NUM_SEEDS =               3
DISTANCE_LIMIT =          0.01
TAU_INIT =                0.2
MAX_TAU =                 5
TAU_SCALAR =              1.1
TAU_SCALAR_TINY =         1.05
TAU_SCALAR_BIG =          1.2
ACCEPTANCE_PROB =         0.85
TEMP_EXP_DECAY =          0.8
TEMP_DECAY_ITERATIONS =   20
TEMP_DECAY_LIMIT =        10
RANDOM_STATES =           3
INIT_OVERLAP_LIMIT =      0.99999
END_PARAMETERS
##############################################################################
tau =               0.2
total_steps =       200
time_step  =        0.001
best_mc_result  =           0.00944296
evolved_target_dot_squared =   0.990557
best_evolved_state = [0.0736796, 0.0592337, 0.0813419, 0.0705699, 0.0736796, 0.0592337, 0.126403, 0.12176, 0.139088, 0.144971, 0.0736796, 0.0592337, 0.139088, 0.144971, 0.146539, 0.141944, 0.139088, 0.144971, 0.146539, 0.141944, 0.0736796, 0.0592337, 0.139088, 0.144971, 0.126403, 0.12176, 0.160856, 0.168402, 0.146539, 0.141944, 0.0813419, 0.0705699, 0.126403, 0.12176, 0.103565, 0.0905138, 0.126403, 0.12176, 0.139088, 0.144971, 0.0736796, 0.0592337, 0.126403, 0.12176, 0.160856, 0.168402, 0.126403, 0.12176, 0.139088, 0.144971, 0.146539, 0.141944, 0.139088, 0.144971, 0.0736796, 0.0592337, 0.103565, 0.0905138, 0.126403, 0.12176, 0.0813419, 0.0705699, 0.0736796, 0.0592337, 0.139088, 0.144971, 0.126403, 0.12176, 0.0813419, 0.0705699, 0.0736796, 0.0592337, ]
distance  =         0.936793
clock_duration  =         0.273758
