START_PARAMETERS
MAX_TAU_ADIA =             200
TOTAL_STEPS_ADIA =             50
GROUND_E =                -0.044419
INITIAL_E =               -0.035161
j_initial =               0.05
k_initial =               0.95
b_initial =               0
j_target =                0.05
k_target =                0.5
b_target =                0
init_target_dot_squared = 0.991741
init_state = [-0.00517468, 0, -0.000796714, 0, -0.00517468, 0, -0.0252919, 0, -0.295802, 0, -0.00517468, 0, -0.295802, 0, -0.0406109, 0, -0.295802, 0, -0.0406109, 0, -0.00517468, 0, -0.295802, 0, -0.0252919, 0, -0.379523, 0, -0.0406109, 0, -0.000796714, 0, -0.0252919, 0, -0.00132279, 0, -0.0252919, 0, -0.295802, 0, -0.00517468, 0, -0.0252919, 0, -0.379523, 0, -0.0252919, 0, -0.295802, 0, -0.0406109, 0, -0.295802, 0, -0.00517468, 0, -0.00132279, 0, -0.0252919, 0, -0.000796714, 0, -0.00517468, 0, -0.295802, 0, -0.0252919, 0, -0.000796714, 0, -0.00517468, 0, ]
target_state = [-0.00962585, 0, -0.0027296, 0, -0.00962585, 0, -0.0461787, 0, -0.291687, 0, -0.00962585, 0, -0.291687, 0, -0.0737598, 0, -0.291687, 0, -0.0737598, 0, -0.00962585, 0, -0.291687, 0, -0.0461787, 0, -0.373977, 0, -0.0737598, 0, -0.0027296, 0, -0.0461787, 0, -0.00451753, 0, -0.0461787, 0, -0.291687, 0, -0.00962585, 0, -0.0461787, 0, -0.373977, 0, -0.0461787, 0, -0.291687, 0, -0.0737598, 0, -0.291687, 0, -0.00962585, 0, -0.00451753, 0, -0.0461787, 0, -0.0027296, 0, -0.00962585, 0, -0.291687, 0, -0.0461787, 0, -0.0027296, 0, -0.00962585, 0, ]
USE_ENERGY_DISTANCE =     false
PERIODIC =                false
UNIFORM_SITES =           true
DEVICE_DIMENSION =        2
MAX_PARAM =               1
MIN_PARAM =               0
MIN_PARAM =               0
DIAG =                    false
NUM_SEEDS =               3
DISTANCE_LIMIT =          0.01
TAU_INIT =                0.1
MAX_TAU =                 3
TAU_SCALAR =              1.1
TAU_SCALAR_TINY =         1.05
TAU_SCALAR_BIG =          1.2
ACCEPTANCE_PROB =         0.85
TEMP_EXP_DECAY =          0.8
TEMP_DECAY_ITERATIONS =   25
TEMP_DECAY_LIMIT =        10
RANDOM_STATES =           3
INIT_OVERLAP_LIMIT =      0.99999
END_PARAMETERS
##############################################################################
tau =               0
total_steps =       0
time_step  =        1.11754e-310
best_mc_result  =           0
evolved_target_dot_squared =   0
best_evolved_state = [0, 0, 0, 0, 0, 0, 0, 0, 0, 0, 0, 0, 0, 0, 0, 0, 0, 0, 0, 0, 0, 0, 0, 0, 0, 0, 0, 0, 0, 0, 0, 0, 0, 0, 0, 0, 0, 0, 0, 0, 0, 0, 0, 0, 0, 0, 0, 0, 0, 0, 0, 0, 0, 0, 0, 0, 0, 0, 0, 0, 0, 0, 0, 0, 0, 0, 0, 0, 0, 0, 0, 0, ]
distance  =         0
clock_duration  =         4.68186e-310
