START_PARAMETERS
TIME_STEP_ADIA =             0.001
GROUND_E =                -4.11945
INITIAL_E =               -4.11543
j_initial =               0.95
k_initial =               0.05
b_initial =               0
j_target =                0.875
k_target =                0.125
b_target =                0
init_target_dot_squared = 0.999028
init_state = [0.0975524, 0, 0.108203, 0, 0.0975524, 0, 0.176286, 0, 0.197916, 0, 0.0975524, 0, 0.197916, 0, 0.206211, 0, 0.197916, 0, 0.206211, 0, 0.0975524, 0, 0.197916, 0, 0.176286, 0, 0.230377, 0, 0.206211, 0, 0.108203, 0, 0.176286, 0, 0.139314, 0, 0.176286, 0, 0.197916, 0, 0.0975524, 0, 0.176286, 0, 0.230377, 0, 0.176286, 0, 0.197916, 0, 0.206211, 0, 0.197916, 0, 0.0975524, 0, 0.139314, 0, 0.176286, 0, 0.108203, 0, 0.0975524, 0, 0.197916, 0, 0.176286, 0, 0.108203, 0, 0.0975524, 0, ]
target_state = [0.0905762, 0, 0.100643, 0, 0.0905762, 0, 0.175089, 0, 0.201711, 0, 0.0905762, 0, 0.201711, 0, 0.209157, 0, 0.201711, 0, 0.209157, 0, 0.0905762, 0, 0.201711, 0, 0.175089, 0, 0.237613, 0, 0.209157, 0, 0.100643, 0, 0.175089, 0, 0.132659, 0, 0.175089, 0, 0.201711, 0, 0.0905762, 0, 0.175089, 0, 0.237613, 0, 0.175089, 0, 0.201711, 0, 0.209157, 0, 0.201711, 0, 0.0905762, 0, 0.132659, 0, 0.175089, 0, 0.100643, 0, 0.0905762, 0, 0.201711, 0, 0.175089, 0, 0.100643, 0, 0.0905762, 0, ]
USE_ENERGY_DISTANCE =     false
PERIODIC =                false
UNIFORM_SITES =           true
DEVICE_DIMENSION =        2
MAX_PARAM =               1
MIN_PARAM =               0
MIN_PARAM =               0
DIAG =                    false
NUM_SEEDS =               3
DISTANCE_LIMIT =          0.01
TAU_INIT =                0.2
MAX_TAU =                 5
TAU_SCALAR =              1.1
TAU_SCALAR_TINY =         1.05
TAU_SCALAR_BIG =          1.2
ACCEPTANCE_PROB =         0.85
TEMP_EXP_DECAY =          0.8
TEMP_DECAY_ITERATIONS =   20
TEMP_DECAY_LIMIT =        10
RANDOM_STATES =           3
INIT_OVERLAP_LIMIT =      0.99999
END_PARAMETERS
##############################################################################
tau =               0
total_steps =       0
time_step  =        1.1484e-310
best_mc_result  =           0
evolved_target_dot_squared =   0
best_evolved_state = [0, 0, 0, 0, 0, 0, 0, 0, 0, 0, 0, 0, 0, 0, 0, 0, 0, 0, 0, 0, 0, 0, 0, 0, 0, 0, 0, 0, 0, 0, 0, 0, 0, 0, 0, 0, 0, 0, 0, 0, 0, 0, 0, 0, 0, 0, 0, 0, 0, 0, 0, 0, 0, 0, 0, 0, 0, 0, 0, 0, 0, 0, 0, 0, 0, 0, 0, 0, 0, 0, 0, 0, ]
distance  =         0
clock_duration  =         4.65586e-310
