START_PARAMETERS
TIME_STEP_ADIA =             0.0005
GROUND_E =                -3.80038
INITIAL_E =               -3.72071
j_initial =               0.95
k_initial =               0.95
b_initial =               0
j_target =                0.875
k_target =                0.35
b_target =                0
init_target_dot_squared = 0.984687
init_state = [0.052984, 0, 0.0542258, 0, 0.052984, 0, 0.154867, 0, 0.228963, 0, 0.052984, 0, 0.228963, 0, 0.211854, 0, 0.228963, 0, 0.211854, 0, 0.052984, 0, 0.228963, 0, 0.154867, 0, 0.284543, 0, 0.211854, 0, 0.0542258, 0, 0.154867, 0, 0.0808058, 0, 0.154867, 0, 0.228963, 0, 0.052984, 0, 0.154867, 0, 0.284543, 0, 0.154867, 0, 0.228963, 0, 0.211854, 0, 0.228963, 0, 0.052984, 0, 0.0808058, 0, 0.154867, 0, 0.0542258, 0, 0.052984, 0, 0.228963, 0, 0.154867, 0, 0.0542258, 0, 0.052984, 0, ]
target_state = [-0.0748938, 0, -0.0824255, 0, -0.0748938, 0, -0.170046, 0, -0.211302, 0, -0.0748938, 0, -0.211302, 0, -0.213935, 0, -0.211302, 0, -0.213935, 0, -0.0748938, 0, -0.211302, 0, -0.170046, 0, -0.255118, 0, -0.213935, 0, -0.0824255, 0, -0.170046, 0, -0.114445, 0, -0.170046, 0, -0.211302, 0, -0.0748938, 0, -0.170046, 0, -0.255118, 0, -0.170046, 0, -0.211302, 0, -0.213935, 0, -0.211302, 0, -0.0748938, 0, -0.114445, 0, -0.170046, 0, -0.0824255, 0, -0.0748938, 0, -0.211302, 0, -0.170046, 0, -0.0824255, 0, -0.0748938, 0, ]
USE_ENERGY_DISTANCE =     false
PERIODIC =                false
UNIFORM_SITES =           true
DEVICE_DIMENSION =        2
MAX_PARAM =               1
MIN_PARAM =               0
MIN_PARAM =               0
DIAG =                    false
NUM_SEEDS =               3
DISTANCE_LIMIT =          0.01
TAU_INIT =                0.5
MAX_TAU =                 5
TAU_SCALAR =              1.05
TAU_SCALAR_TINY =         1.025
TAU_SCALAR_BIG =          1.1
ACCEPTANCE_PROB =         0.85
TEMP_EXP_DECAY =          0.8
TEMP_DECAY_ITERATIONS =   40
TEMP_DECAY_LIMIT =        15
RANDOM_STATES =           3
INIT_OVERLAP_LIMIT =      0.99999
END_PARAMETERS
##############################################################################
tau =               0.5
total_steps =       1000
time_step  =        0.0005
best_mc_result  =           0.00742131
evolved_target_dot_squared =   0.992579
best_evolved_state = [-0.0258659, 0.0666181, -0.0359412, 0.0607228, -0.0258659, 0.0666181, -0.0461257, 0.156957, -0.0436048, 0.206821, -0.0258659, 0.0666181, -0.0436048, 0.206821, -0.0528345, 0.222175, -0.0436048, 0.206821, -0.0528345, 0.222175, -0.0258659, 0.0666181, -0.0436048, 0.206821, -0.0461257, 0.156957, -0.0470191, 0.258788, -0.0528345, 0.222175, -0.0359412, 0.0607228, -0.0461257, 0.156957, -0.045451, 0.0911117, -0.0461257, 0.156957, -0.0436048, 0.206821, -0.0258659, 0.0666181, -0.0461257, 0.156957, -0.0470191, 0.258788, -0.0461257, 0.156957, -0.0436048, 0.206821, -0.0528345, 0.222175, -0.0436048, 0.206821, -0.0258659, 0.0666181, -0.045451, 0.0911117, -0.0461257, 0.156957, -0.0359412, 0.0607228, -0.0258659, 0.0666181, -0.0436048, 0.206821, -0.0461257, 0.156957, -0.0359412, 0.0607228, -0.0258659, 0.0666181, ]
distance  =         0.484657
clock_duration  =         0.489542
