START_PARAMETERS
TIME_STEP_ADIA =             0.0005
GROUND_E =                -4.16583
INITIAL_E =               -4.06894
j_initial =               0.95
k_initial =               0.95
b_initial =               0
j_target =                0.95
k_target =                0.35
b_target =                0
init_target_dot_squared = 0.982618
init_state = [0.052984, 0, 0.0542258, 0, 0.052984, 0, 0.154867, 0, 0.228963, 0, 0.052984, 0, 0.228963, 0, 0.211854, 0, 0.228963, 0, 0.211854, 0, 0.052984, 0, 0.228963, 0, 0.154867, 0, 0.284543, 0, 0.211854, 0, 0.0542258, 0, 0.154867, 0, 0.0808058, 0, 0.154867, 0, 0.228963, 0, 0.052984, 0, 0.154867, 0, 0.284543, 0, 0.154867, 0, 0.228963, 0, 0.211854, 0, 0.228963, 0, 0.052984, 0, 0.0808058, 0, 0.154867, 0, 0.0542258, 0, 0.052984, 0, 0.228963, 0, 0.154867, 0, 0.0542258, 0, 0.052984, 0, ]
target_state = [-0.076541, 0, -0.0844191, 0, -0.076541, 0, -0.170755, 0, -0.210208, 0, -0.076541, 0, -0.210208, 0, -0.213593, 0, -0.210208, 0, -0.213593, 0, -0.076541, 0, -0.210208, 0, -0.170755, 0, -0.253178, 0, -0.213593, 0, -0.0844191, 0, -0.170755, 0, -0.116581, 0, -0.170755, 0, -0.210208, 0, -0.076541, 0, -0.170755, 0, -0.253178, 0, -0.170755, 0, -0.210208, 0, -0.213593, 0, -0.210208, 0, -0.076541, 0, -0.116581, 0, -0.170755, 0, -0.0844191, 0, -0.076541, 0, -0.210208, 0, -0.170755, 0, -0.0844191, 0, -0.076541, 0, ]
USE_ENERGY_DISTANCE =     false
PERIODIC =                false
UNIFORM_SITES =           true
DEVICE_DIMENSION =        2
MAX_PARAM =               1
MIN_PARAM =               0
MIN_PARAM =               0
DIAG =                    false
NUM_SEEDS =               3
DISTANCE_LIMIT =          0.01
TAU_INIT =                0.5
MAX_TAU =                 5
TAU_SCALAR =              1.05
TAU_SCALAR_TINY =         1.025
TAU_SCALAR_BIG =          1.1
ACCEPTANCE_PROB =         0.85
TEMP_EXP_DECAY =          0.8
TEMP_DECAY_ITERATIONS =   40
TEMP_DECAY_LIMIT =        15
RANDOM_STATES =           3
INIT_OVERLAP_LIMIT =      0.99999
END_PARAMETERS
##############################################################################
tau =               0.5
total_steps =       1000
time_step  =        0.0005
best_mc_result  =           0.00807006
evolved_target_dot_squared =   0.99193
best_evolved_state = [-0.0325957, 0.0658416, -0.0443285, 0.059182, -0.0325957, 0.0658416, -0.0605286, 0.152836, -0.061818, 0.199954, -0.0325957, 0.0658416, -0.061818, 0.199954, -0.0707738, 0.218451, -0.061818, 0.199954, -0.0707738, 0.218451, -0.0325957, 0.0658416, -0.061818, 0.199954, -0.0605286, 0.152836, -0.0683581, 0.250771, -0.0707738, 0.218451, -0.0443285, 0.059182, -0.0605286, 0.152836, -0.0564976, 0.0892246, -0.0605286, 0.152836, -0.061818, 0.199954, -0.0325957, 0.0658416, -0.0605286, 0.152836, -0.0683581, 0.250771, -0.0605286, 0.152836, -0.061818, 0.199954, -0.0707738, 0.218451, -0.061818, 0.199954, -0.0325957, 0.0658416, -0.0564976, 0.0892246, -0.0605286, 0.152836, -0.0443285, 0.059182, -0.0325957, 0.0658416, -0.061818, 0.199954, -0.0605286, 0.152836, -0.0443285, 0.059182, -0.0325957, 0.0658416, ]
distance  =         0.464265
clock_duration  =         0.769988
