START_PARAMETERS
TIME_STEP_ADIA =             0.0005
GROUND_E =                -1.80732
INITIAL_E =               -1.7779
j_initial =               0.95
k_initial =               0.95
b_initial =               0
j_target =                0.425
k_target =                0.2
b_target =                0
init_target_dot_squared = 0.988688
init_state = [0.052984, 0, 0.0542258, 0, 0.052984, 0, 0.154867, 0, 0.228963, 0, 0.052984, 0, 0.228963, 0, 0.211854, 0, 0.228963, 0, 0.211854, 0, 0.052984, 0, 0.228963, 0, 0.154867, 0, 0.284543, 0, 0.211854, 0, 0.0542258, 0, 0.154867, 0, 0.0808058, 0, 0.154867, 0, 0.228963, 0, 0.052984, 0, 0.154867, 0, 0.284543, 0, 0.154867, 0, 0.228963, 0, 0.211854, 0, 0.228963, 0, 0.052984, 0, 0.0808058, 0, 0.154867, 0, 0.0542258, 0, 0.052984, 0, 0.228963, 0, 0.154867, 0, 0.0542258, 0, 0.052984, 0, ]
target_state = [0.0714444, 0, 0.0781906, 0, 0.0714444, 0, 0.1684, 0, 0.213677, 0, 0.0714444, 0, 0.213677, 0, 0.214488, 0, 0.213677, 0, 0.214488, 0, 0.0714444, 0, 0.213677, 0, 0.1684, 0, 0.259276, 0, 0.214488, 0, 0.0781906, 0, 0.1684, 0, 0.109799, 0, 0.1684, 0, 0.213677, 0, 0.0714444, 0, 0.1684, 0, 0.259276, 0, 0.1684, 0, 0.213677, 0, 0.214488, 0, 0.213677, 0, 0.0714444, 0, 0.109799, 0, 0.1684, 0, 0.0781906, 0, 0.0714444, 0, 0.213677, 0, 0.1684, 0, 0.0781906, 0, 0.0714444, 0, ]
USE_ENERGY_DISTANCE =     false
PERIODIC =                false
UNIFORM_SITES =           true
DEVICE_DIMENSION =        2
MAX_PARAM =               1
MIN_PARAM =               0
MIN_PARAM =               0
DIAG =                    false
NUM_SEEDS =               3
DISTANCE_LIMIT =          0.01
TAU_INIT =                0.5
MAX_TAU =                 5
TAU_SCALAR =              1.05
TAU_SCALAR_TINY =         1.025
TAU_SCALAR_BIG =          1.1
ACCEPTANCE_PROB =         0.85
TEMP_EXP_DECAY =          0.8
TEMP_DECAY_ITERATIONS =   40
TEMP_DECAY_LIMIT =        15
RANDOM_STATES =           3
INIT_OVERLAP_LIMIT =      0.99999
END_PARAMETERS
##############################################################################
tau =               0.5
total_steps =       1000
time_step  =        0.0005
best_mc_result  =           0.00783814
evolved_target_dot_squared =   0.992162
best_evolved_state = [0.00751319, 0.0608322, 0.00507952, 0.0579875, 0.00751319, 0.0608322, 0.034492, 0.154971, 0.0625794, 0.212819, 0.00751319, 0.0608322, 0.0625794, 0.212819, 0.050335, 0.213681, 0.0625794, 0.212819, 0.050335, 0.213681, 0.00751319, 0.0608322, 0.0625794, 0.212819, 0.034492, 0.154971, 0.0799707, 0.264905, 0.050335, 0.213681, 0.00507952, 0.0579875, 0.034492, 0.154971, 0.0101091, 0.0865001, 0.034492, 0.154971, 0.0625794, 0.212819, 0.00751319, 0.0608322, 0.034492, 0.154971, 0.0799707, 0.264905, 0.034492, 0.154971, 0.0625794, 0.212819, 0.050335, 0.213681, 0.0625794, 0.212819, 0.00751319, 0.0608322, 0.0101091, 0.0865001, 0.034492, 0.154971, 0.00507952, 0.0579875, 0.00751319, 0.0608322, 0.0625794, 0.212819, 0.034492, 0.154971, 0.00507952, 0.0579875, 0.00751319, 0.0608322, ]
distance  =         0.692933
clock_duration  =         0.485352
