START_PARAMETERS
TIME_STEP_ADIA =             0.001
GROUND_E =                -3.53461
INITIAL_E =               -3.49963
j_initial =               0.95
k_initial =               0.05
b_initial =               0
j_target =                0.8
k_target =                0.275
b_target =                0
init_target_dot_squared = 0.99172
init_state = [0.0975524, 0, 0.108203, 0, 0.0975524, 0, 0.176286, 0, 0.197916, 0, 0.0975524, 0, 0.197916, 0, 0.206211, 0, 0.197916, 0, 0.206211, 0, 0.0975524, 0, 0.197916, 0, 0.176286, 0, 0.230377, 0, 0.206211, 0, 0.108203, 0, 0.176286, 0, 0.139314, 0, 0.176286, 0, 0.197916, 0, 0.0975524, 0, 0.176286, 0, 0.230377, 0, 0.176286, 0, 0.197916, 0, 0.206211, 0, 0.197916, 0, 0.0975524, 0, 0.139314, 0, 0.176286, 0, 0.108203, 0, 0.0975524, 0, 0.197916, 0, 0.176286, 0, 0.108203, 0, 0.0975524, 0, ]
target_state = [0.0778761, 0, 0.0860211, 0, 0.0778761, 0, 0.171296, 0, 0.209338, 0, 0.0778761, 0, 0.209338, 0, 0.213284, 0, 0.209338, 0, 0.213284, 0, 0.0778761, 0, 0.209338, 0, 0.171296, 0, 0.251626, 0, 0.213284, 0, 0.0860211, 0, 0.171296, 0, 0.118272, 0, 0.171296, 0, 0.209338, 0, 0.0778761, 0, 0.171296, 0, 0.251626, 0, 0.171296, 0, 0.209338, 0, 0.213284, 0, 0.209338, 0, 0.0778761, 0, 0.118272, 0, 0.171296, 0, 0.0860211, 0, 0.0778761, 0, 0.209338, 0, 0.171296, 0, 0.0860211, 0, 0.0778761, 0, ]
USE_ENERGY_DISTANCE =     false
PERIODIC =                false
UNIFORM_SITES =           true
DEVICE_DIMENSION =        2
MAX_PARAM =               1
MIN_PARAM =               0
MIN_PARAM =               0
DIAG =                    false
NUM_SEEDS =               3
DISTANCE_LIMIT =          0.01
TAU_INIT =                0.2
MAX_TAU =                 5
TAU_SCALAR =              1.1
TAU_SCALAR_TINY =         1.05
TAU_SCALAR_BIG =          1.2
ACCEPTANCE_PROB =         0.85
TEMP_EXP_DECAY =          0.8
TEMP_DECAY_ITERATIONS =   20
TEMP_DECAY_LIMIT =        10
RANDOM_STATES =           3
INIT_OVERLAP_LIMIT =      0.99999
END_PARAMETERS
##############################################################################
tau =               0
total_steps =       0
time_step  =        1.13327e-310
best_mc_result  =           0
evolved_target_dot_squared =   0
best_evolved_state = [0, 0, 0, 0, 0, 0, 0, 0, 0, 0, 0, 0, 0, 0, 0, 0, 0, 0, 0, 0, 0, 0, 0, 0, 0, 0, 0, 0, 0, 0, 0, 0, 0, 0, 0, 0, 0, 0, 0, 0, 0, 0, 0, 0, 0, 0, 0, 0, 0, 0, 0, 0, 0, 0, 0, 0, 0, 0, 0, 0, 0, 0, 0, 0, 0, 0, 0, 0, 0, 0, 0, 0, ]
distance  =         0
clock_duration  =         4.65924e-310
