START_PARAMETERS
TIME_STEP_ADIA =             0.001
GROUND_E =                -3.70433
INITIAL_E =               -3.64745
j_initial =               0.95
k_initial =               0.95
b_initial =               0
j_target =                0.875
k_target =                0.425
b_target =                0
init_target_dot_squared = 0.989442
init_state = [-0.052984, 0, -0.0542258, 0, -0.052984, 0, -0.154867, 0, -0.228963, 0, -0.052984, 0, -0.228963, 0, -0.211854, 0, -0.228963, 0, -0.211854, 0, -0.052984, 0, -0.228963, 0, -0.154867, 0, -0.284543, 0, -0.211854, 0, -0.0542258, 0, -0.154867, 0, -0.0808058, 0, -0.154867, 0, -0.228963, 0, -0.052984, 0, -0.154867, 0, -0.284543, 0, -0.154867, 0, -0.228963, 0, -0.211854, 0, -0.228963, 0, -0.052984, 0, -0.0808058, 0, -0.154867, 0, -0.0542258, 0, -0.052984, 0, -0.228963, 0, -0.154867, 0, -0.0542258, 0, -0.052984, 0, ]
target_state = [0.0707445, 0, 0.0773213, 0, 0.0707445, 0, 0.168038, 0, 0.214173, 0, 0.0707445, 0, 0.214173, 0, 0.214571, 0, 0.214173, 0, 0.214571, 0, 0.0707445, 0, 0.214173, 0, 0.168038, 0, 0.260137, 0, 0.214571, 0, 0.0773213, 0, 0.168038, 0, 0.108826, 0, 0.168038, 0, 0.214173, 0, 0.0707445, 0, 0.168038, 0, 0.260137, 0, 0.168038, 0, 0.214173, 0, 0.214571, 0, 0.214173, 0, 0.0707445, 0, 0.108826, 0, 0.168038, 0, 0.0773213, 0, 0.0707445, 0, 0.214173, 0, 0.168038, 0, 0.0773213, 0, 0.0707445, 0, ]
USE_ENERGY_DISTANCE =     false
PERIODIC =                false
UNIFORM_SITES =           true
DEVICE_DIMENSION =        2
MAX_PARAM =               1
MIN_PARAM =               0
MIN_PARAM =               0
DIAG =                    false
NUM_SEEDS =               3
DISTANCE_LIMIT =          0.01
TAU_INIT =                0.2
MAX_TAU =                 5
TAU_SCALAR =              1.1
TAU_SCALAR_TINY =         1.05
TAU_SCALAR_BIG =          1.2
ACCEPTANCE_PROB =         0.85
TEMP_EXP_DECAY =          0.8
TEMP_DECAY_ITERATIONS =   20
TEMP_DECAY_LIMIT =        10
RANDOM_STATES =           3
INIT_OVERLAP_LIMIT =      0.99999
END_PARAMETERS
##############################################################################
tau =               0.2
total_steps =       200
time_step  =        0.001
best_mc_result  =           0.00922954
evolved_target_dot_squared =   0.99077
best_evolved_state = [-0.0379196, -0.0454173, -0.0365968, -0.0421205, -0.0379196, -0.0454173, -0.115224, -0.107529, -0.174463, -0.140534, -0.0379196, -0.0454173, -0.174463, -0.140534, -0.159524, -0.147576, -0.174463, -0.140534, -0.159524, -0.147576, -0.0379196, -0.0454173, -0.174463, -0.140534, -0.115224, -0.107529, -0.218158, -0.174734, -0.159524, -0.147576, -0.0365968, -0.0421205, -0.115224, -0.107529, -0.0561311, -0.062744, -0.115224, -0.107529, -0.174463, -0.140534, -0.0379196, -0.0454173, -0.115224, -0.107529, -0.218158, -0.174734, -0.115224, -0.107529, -0.174463, -0.140534, -0.159524, -0.147576, -0.174463, -0.140534, -0.0379196, -0.0454173, -0.0561311, -0.062744, -0.115224, -0.107529, -0.0365968, -0.0421205, -0.0379196, -0.0454173, -0.174463, -0.140534, -0.115224, -0.107529, -0.0365968, -0.0421205, -0.0379196, -0.0454173, ]
distance  =         0.874185
clock_duration  =         0.274151
