START_PARAMETERS
TIME_STEP_ADIA =             0.0005
GROUND_E =                -3.4357
INITIAL_E =               -3.37687
j_initial =               0.95
k_initial =               0.05
b_initial =               0
j_target =                0.8
k_target =                0.35
b_target =                0
init_target_dot_squared = 0.986745
init_state = [-0.0975524, 0, -0.108203, 0, -0.0975524, 0, -0.176286, 0, -0.197916, 0, -0.0975524, 0, -0.197916, 0, -0.206211, 0, -0.197916, 0, -0.206211, 0, -0.0975524, 0, -0.197916, 0, -0.176286, 0, -0.230377, 0, -0.206211, 0, -0.108203, 0, -0.176286, 0, -0.139314, 0, -0.176286, 0, -0.197916, 0, -0.0975524, 0, -0.176286, 0, -0.230377, 0, -0.176286, 0, -0.197916, 0, -0.206211, 0, -0.197916, 0, -0.0975524, 0, -0.139314, 0, -0.176286, 0, -0.108203, 0, -0.0975524, 0, -0.197916, 0, -0.176286, 0, -0.108203, 0, -0.0975524, 0, ]
target_state = [-0.0730228, 0, -0.0801385, 0, -0.0730228, 0, -0.169181, 0, -0.212576, 0, -0.0730228, 0, -0.212576, 0, -0.214263, 0, -0.212576, 0, -0.214263, 0, -0.0730228, 0, -0.212576, 0, -0.169181, 0, -0.257357, 0, -0.214263, 0, -0.0801385, 0, -0.169181, 0, -0.111955, 0, -0.169181, 0, -0.212576, 0, -0.0730228, 0, -0.169181, 0, -0.257357, 0, -0.169181, 0, -0.212576, 0, -0.214263, 0, -0.212576, 0, -0.0730228, 0, -0.111955, 0, -0.169181, 0, -0.0801385, 0, -0.0730228, 0, -0.212576, 0, -0.169181, 0, -0.0801385, 0, -0.0730228, 0, ]
USE_ENERGY_DISTANCE =     false
PERIODIC =                false
UNIFORM_SITES =           true
DEVICE_DIMENSION =        2
MAX_PARAM =               1
MIN_PARAM =               0
MIN_PARAM =               0
DIAG =                    false
NUM_SEEDS =               3
DISTANCE_LIMIT =          0.01
TAU_INIT =                0.5
MAX_TAU =                 5
TAU_SCALAR =              1.05
TAU_SCALAR_TINY =         1.025
TAU_SCALAR_BIG =          1.1
ACCEPTANCE_PROB =         0.85
TEMP_EXP_DECAY =          0.8
TEMP_DECAY_ITERATIONS =   40
TEMP_DECAY_LIMIT =        15
RANDOM_STATES =           3
INIT_OVERLAP_LIMIT =      0.99999
END_PARAMETERS
##############################################################################
tau =               0.5
total_steps =       1000
time_step  =        0.0005
best_mc_result  =           0.00868499
evolved_target_dot_squared =   0.991315
best_evolved_state = [0.0188308, -0.077398, 0.0223898, -0.0974108, 0.0188308, -0.077398, 0.0714393, -0.159015, 0.0954324, -0.188573, 0.0188308, -0.077398, 0.0954324, -0.188573, 0.0903901, -0.177753, 0.0954324, -0.188573, 0.0903901, -0.177753, 0.0188308, -0.077398, 0.0954324, -0.188573, 0.0714393, -0.159015, 0.116809, -0.21361, 0.0903901, -0.177753, 0.0223898, -0.0974108, 0.0714393, -0.159015, 0.0356759, -0.119723, 0.0714393, -0.159015, 0.0954324, -0.188573, 0.0188308, -0.077398, 0.0714393, -0.159015, 0.116809, -0.21361, 0.0714393, -0.159015, 0.0954324, -0.188573, 0.0903901, -0.177753, 0.0954324, -0.188573, 0.0188308, -0.077398, 0.0356759, -0.119723, 0.0714393, -0.159015, 0.0223898, -0.0974108, 0.0188308, -0.077398, 0.0954324, -0.188573, 0.0714393, -0.159015, 0.0223898, -0.0974108, 0.0188308, -0.077398, ]
distance  =         0.655214
clock_duration  =         0.465713
