START_PARAMETERS
TIME_STEP_ADIA =             0.0005
GROUND_E =                -3.49773
INITIAL_E =               -3.49762
j_initial =               0.95
k_initial =               0.05
b_initial =               0
j_target =                0.725
k_target =                0.05
b_target =                0
init_target_dot_squared = 0.999966
init_state = [-0.0975524, 0, -0.108203, 0, -0.0975524, 0, -0.176286, 0, -0.197916, 0, -0.0975524, 0, -0.197916, 0, -0.206211, 0, -0.197916, 0, -0.206211, 0, -0.0975524, 0, -0.197916, 0, -0.176286, 0, -0.230377, 0, -0.206211, 0, -0.108203, 0, -0.176286, 0, -0.139314, 0, -0.176286, 0, -0.197916, 0, -0.0975524, 0, -0.176286, 0, -0.230377, 0, -0.176286, 0, -0.197916, 0, -0.206211, 0, -0.197916, 0, -0.0975524, 0, -0.139314, 0, -0.176286, 0, -0.108203, 0, -0.0975524, 0, -0.197916, 0, -0.176286, 0, -0.108203, 0, -0.0975524, 0, ]
target_state = [0.0962214, 0, 0.106786, 0, 0.0962214, 0, 0.1761, 0, 0.198623, 0, 0.0962214, 0, 0.198623, 0, 0.206801, 0, 0.198623, 0, 0.206801, 0, 0.0962214, 0, 0.198623, 0, 0.1761, 0, 0.231737, 0, 0.206801, 0, 0.106786, 0, 0.1761, 0, 0.138109, 0, 0.1761, 0, 0.198623, 0, 0.0962214, 0, 0.1761, 0, 0.231737, 0, 0.1761, 0, 0.198623, 0, 0.206801, 0, 0.198623, 0, 0.0962214, 0, 0.138109, 0, 0.1761, 0, 0.106786, 0, 0.0962214, 0, 0.198623, 0, 0.1761, 0, 0.106786, 0, 0.0962214, 0, ]
USE_ENERGY_DISTANCE =     false
PERIODIC =                false
UNIFORM_SITES =           true
DEVICE_DIMENSION =        2
MAX_PARAM =               1
MIN_PARAM =               0
MIN_PARAM =               0
DIAG =                    false
NUM_SEEDS =               3
DISTANCE_LIMIT =          0.01
TAU_INIT =                0.5
MAX_TAU =                 5
TAU_SCALAR =              1.05
TAU_SCALAR_TINY =         1.025
TAU_SCALAR_BIG =          1.1
ACCEPTANCE_PROB =         0.85
TEMP_EXP_DECAY =          0.8
TEMP_DECAY_ITERATIONS =   40
TEMP_DECAY_LIMIT =        15
RANDOM_STATES =           3
INIT_OVERLAP_LIMIT =      0.99999
END_PARAMETERS
##############################################################################
tau =               0
total_steps =       0
time_step  =        1.12726e-310
best_mc_result  =           0
evolved_target_dot_squared =   0
best_evolved_state = [0, 0, 0, 0, 0, 0, 0, 0, 0, 0, 0, 0, 0, 0, 0, 0, 0, 0, 0, 0, 0, 0, 0, 0, 0, 0, 0, 0, 0, 0, 0, 0, 0, 0, 0, 0, 0, 0, 0, 0, 0, 0, 0, 0, 0, 0, 0, 0, 0, 0, 0, 0, 0, 0, 0, 0, 0, 0, 0, 0, 0, 0, 0, 0, 0, 0, 0, 0, 0, 0, 0, 0, ]
distance  =         0
clock_duration  =         4.64748e-310
