START_PARAMETERS
TIME_STEP_ADIA =             0.0005
GROUND_E =                -2.43965
INITIAL_E =               -2.40108
j_initial =               0.95
k_initial =               0.95
b_initial =               0
j_target =                0.575
k_target =                0.275
b_target =                0
init_target_dot_squared = 0.989075
init_state = [0.052984, 0, 0.0542258, 0, 0.052984, 0, 0.154867, 0, 0.228963, 0, 0.052984, 0, 0.228963, 0, 0.211854, 0, 0.228963, 0, 0.211854, 0, 0.052984, 0, 0.228963, 0, 0.154867, 0, 0.284543, 0, 0.211854, 0, 0.0542258, 0, 0.154867, 0, 0.0808058, 0, 0.154867, 0, 0.228963, 0, 0.052984, 0, 0.154867, 0, 0.284543, 0, 0.154867, 0, 0.228963, 0, 0.211854, 0, 0.228963, 0, 0.052984, 0, 0.0808058, 0, 0.154867, 0, 0.0542258, 0, 0.052984, 0, 0.228963, 0, 0.154867, 0, 0.0542258, 0, 0.052984, 0, ]
target_state = [0.0710877, 0, 0.077748, 0, 0.0710877, 0, 0.168217, 0, 0.213929, 0, 0.0710877, 0, 0.213929, 0, 0.214531, 0, 0.213929, 0, 0.214531, 0, 0.0710877, 0, 0.213929, 0, 0.168217, 0, 0.259714, 0, 0.214531, 0, 0.077748, 0, 0.168217, 0, 0.109304, 0, 0.168217, 0, 0.213929, 0, 0.0710877, 0, 0.168217, 0, 0.259714, 0, 0.168217, 0, 0.213929, 0, 0.214531, 0, 0.213929, 0, 0.0710877, 0, 0.109304, 0, 0.168217, 0, 0.077748, 0, 0.0710877, 0, 0.213929, 0, 0.168217, 0, 0.077748, 0, 0.0710877, 0, ]
USE_ENERGY_DISTANCE =     false
PERIODIC =                false
UNIFORM_SITES =           true
DEVICE_DIMENSION =        2
MAX_PARAM =               1
MIN_PARAM =               0
MIN_PARAM =               0
DIAG =                    false
NUM_SEEDS =               3
DISTANCE_LIMIT =          0.01
TAU_INIT =                0.5
MAX_TAU =                 5
TAU_SCALAR =              1.05
TAU_SCALAR_TINY =         1.025
TAU_SCALAR_BIG =          1.1
ACCEPTANCE_PROB =         0.85
TEMP_EXP_DECAY =          0.8
TEMP_DECAY_ITERATIONS =   40
TEMP_DECAY_LIMIT =        15
RANDOM_STATES =           3
INIT_OVERLAP_LIMIT =      0.99999
END_PARAMETERS
##############################################################################
tau =               0.5
total_steps =       1000
time_step  =        0.0005
best_mc_result  =           0.00661901
evolved_target_dot_squared =   0.993381
best_evolved_state = [-0.00236428, 0.0642572, -0.00684085, 0.0605865, -0.00236428, 0.0642572, 0.00920108, 0.159991, 0.0285236, 0.216989, -0.00236428, 0.0642572, 0.0285236, 0.216989, 0.0174574, 0.221701, 0.0285236, 0.216989, 0.0174574, 0.221701, -0.00236428, 0.0642572, 0.0285236, 0.216989, 0.00920108, 0.159991, 0.0388307, 0.270331, 0.0174574, 0.221701, -0.00684085, 0.0605865, 0.00920108, 0.159991, -0.00632298, 0.0903881, 0.00920108, 0.159991, 0.0285236, 0.216989, -0.00236428, 0.0642572, 0.00920108, 0.159991, 0.0388307, 0.270331, 0.00920108, 0.159991, 0.0285236, 0.216989, 0.0174574, 0.221701, 0.0285236, 0.216989, -0.00236428, 0.0642572, -0.00632298, 0.0903881, 0.00920108, 0.159991, -0.00684085, 0.0605865, -0.00236428, 0.0642572, 0.0285236, 0.216989, 0.00920108, 0.159991, -0.00684085, 0.0605865, -0.00236428, 0.0642572, ]
distance  =         0.605864
clock_duration  =         0.458296
