START_PARAMETERS
TIME_STEP_ADIA =             0.001
GROUND_E =                -2.70951
INITIAL_E =               -2.67604
j_initial =               0.95
k_initial =               0.95
b_initial =               0
j_target =                0.65
k_target =                0.35
b_target =                0
init_target_dot_squared = 0.99181
init_state = [-0.052984, 0, -0.0542258, 0, -0.052984, 0, -0.154867, 0, -0.228963, 0, -0.052984, 0, -0.228963, 0, -0.211854, 0, -0.228963, 0, -0.211854, 0, -0.052984, 0, -0.228963, 0, -0.154867, 0, -0.284543, 0, -0.211854, 0, -0.0542258, 0, -0.154867, 0, -0.0808058, 0, -0.154867, 0, -0.228963, 0, -0.052984, 0, -0.154867, 0, -0.284543, 0, -0.154867, 0, -0.228963, 0, -0.211854, 0, -0.228963, 0, -0.052984, 0, -0.0808058, 0, -0.154867, 0, -0.0542258, 0, -0.052984, 0, -0.228963, 0, -0.154867, 0, -0.0542258, 0, -0.052984, 0, ]
target_state = [0.0684036, 0, 0.0743901, 0, 0.0684036, 0, 0.166755, 0, 0.215872, 0, 0.0684036, 0, 0.215872, 0, 0.214769, 0, 0.215872, 0, 0.214769, 0, 0.0684036, 0, 0.215872, 0, 0.166755, 0, 0.263061, 0, 0.214769, 0, 0.0743901, 0, 0.166755, 0, 0.105503, 0, 0.166755, 0, 0.215872, 0, 0.0684036, 0, 0.166755, 0, 0.263061, 0, 0.166755, 0, 0.215872, 0, 0.214769, 0, 0.215872, 0, 0.0684036, 0, 0.105503, 0, 0.166755, 0, 0.0743901, 0, 0.0684036, 0, 0.215872, 0, 0.166755, 0, 0.0743901, 0, 0.0684036, 0, ]
USE_ENERGY_DISTANCE =     false
PERIODIC =                false
UNIFORM_SITES =           true
DEVICE_DIMENSION =        2
MAX_PARAM =               1
MIN_PARAM =               0
MIN_PARAM =               0
DIAG =                    false
NUM_SEEDS =               3
DISTANCE_LIMIT =          0.01
TAU_INIT =                0.2
MAX_TAU =                 5
TAU_SCALAR =              1.1
TAU_SCALAR_TINY =         1.05
TAU_SCALAR_BIG =          1.2
ACCEPTANCE_PROB =         0.85
TEMP_EXP_DECAY =          0.8
TEMP_DECAY_ITERATIONS =   20
TEMP_DECAY_LIMIT =        10
RANDOM_STATES =           3
INIT_OVERLAP_LIMIT =      0.99999
END_PARAMETERS
##############################################################################
tau =               0
total_steps =       0
time_step  =        1.14803e-310
best_mc_result  =           0
evolved_target_dot_squared =   0
best_evolved_state = [0, 0, 0, 0, 0, 0, 0, 0, 0, 0, 0, 0, 0, 0, 0, 0, 0, 0, 0, 0, 0, 0, 0, 0, 0, 0, 0, 0, 0, 0, 0, 0, 0, 0, 0, 0, 0, 0, 0, 0, 0, 0, 0, 0, 0, 0, 0, 0, 0, 0, 0, 0, 0, 0, 0, 0, 0, 0, 0, 0, 0, 0, 0, 0, 0, 0, 0, 0, 0, 0, 0, 0, ]
distance  =         0
clock_duration  =         4.65661e-310
