START_PARAMETERS
TIME_STEP_ADIA =             0.0005
GROUND_E =                -1.30379
INITIAL_E =               -1.26506
j_initial =               0.95
k_initial =               0.95
b_initial =               0
j_target =                0.425
k_target =                0.725
b_target =                0
init_target_dot_squared = 0.989611
init_state = [0.052984, 0, 0.0542258, 0, 0.052984, 0, 0.154867, 0, 0.228963, 0, 0.052984, 0, 0.228963, 0, 0.211854, 0, 0.228963, 0, 0.211854, 0, 0.052984, 0, 0.228963, 0, 0.154867, 0, 0.284543, 0, 0.211854, 0, 0.0542258, 0, 0.154867, 0, 0.0808058, 0, 0.154867, 0, 0.228963, 0, 0.052984, 0, 0.154867, 0, 0.284543, 0, 0.154867, 0, 0.228963, 0, 0.211854, 0, 0.228963, 0, 0.052984, 0, 0.0808058, 0, 0.154867, 0, 0.0542258, 0, 0.052984, 0, 0.228963, 0, 0.154867, 0, 0.0542258, 0, 0.052984, 0, ]
target_state = [-0.0394453, 0, -0.0356983, 0, -0.0394453, 0, -0.137106, 0, -0.244522, 0, -0.0394453, 0, -0.244522, 0, -0.198515, 0, -0.244522, 0, -0.198515, 0, -0.0394453, 0, -0.244522, 0, -0.137106, 0, -0.308191, 0, -0.198515, 0, -0.0356983, 0, -0.137106, 0, -0.0554451, 0, -0.137106, 0, -0.244522, 0, -0.0394453, 0, -0.137106, 0, -0.308191, 0, -0.137106, 0, -0.244522, 0, -0.198515, 0, -0.244522, 0, -0.0394453, 0, -0.0554451, 0, -0.137106, 0, -0.0356983, 0, -0.0394453, 0, -0.244522, 0, -0.137106, 0, -0.0356983, 0, -0.0394453, 0, ]
USE_ENERGY_DISTANCE =     false
PERIODIC =                false
UNIFORM_SITES =           true
DEVICE_DIMENSION =        2
MAX_PARAM =               1
MIN_PARAM =               0
MIN_PARAM =               0
DIAG =                    false
NUM_SEEDS =               3
DISTANCE_LIMIT =          0.01
TAU_INIT =                0.5
MAX_TAU =                 5
TAU_SCALAR =              1.05
TAU_SCALAR_TINY =         1.025
TAU_SCALAR_BIG =          1.1
ACCEPTANCE_PROB =         0.85
TEMP_EXP_DECAY =          0.8
TEMP_DECAY_ITERATIONS =   40
TEMP_DECAY_LIMIT =        15
RANDOM_STATES =           3
INIT_OVERLAP_LIMIT =      0.99999
END_PARAMETERS
##############################################################################
tau =               0.5
total_steps =       1000
time_step  =        0.0005
best_mc_result  =           0.00596293
evolved_target_dot_squared =   0.994037
best_evolved_state = [0.0215361, 0.0360115, 0.0283887, 0.0398633, 0.0215361, 0.0360115, 0.0630148, 0.135284, 0.0804155, 0.223646, 0.0215361, 0.0360115, 0.0804155, 0.223646, 0.0816189, 0.184029, 0.0804155, 0.223646, 0.0816189, 0.184029, 0.0215361, 0.0360115, 0.0804155, 0.223646, 0.0630148, 0.135284, 0.0970963, 0.278178, 0.0816189, 0.184029, 0.0283887, 0.0398633, 0.0630148, 0.135284, 0.0395229, 0.060917, 0.0630148, 0.135284, 0.0804155, 0.223646, 0.0215361, 0.0360115, 0.0630148, 0.135284, 0.0970963, 0.278178, 0.0630148, 0.135284, 0.0804155, 0.223646, 0.0816189, 0.184029, 0.0804155, 0.223646, 0.0215361, 0.0360115, 0.0395229, 0.060917, 0.0630148, 0.135284, 0.0283887, 0.0398633, 0.0215361, 0.0360115, 0.0804155, 0.223646, 0.0630148, 0.135284, 0.0283887, 0.0398633, 0.0215361, 0.0360115, ]
distance  =         0.573949
clock_duration  =         0.533391
