START_PARAMETERS
TIME_STEP_ADIA =             0.0005
GROUND_E =                -0.821383
INITIAL_E =               -0.788402
j_initial =               0.95
k_initial =               0.95
b_initial =               0
j_target =                0.275
k_target =                0.5
b_target =                0
init_target_dot_squared = 0.986647
init_state = [0.052984, 0, 0.0542258, 0, 0.052984, 0, 0.154867, 0, 0.228963, 0, 0.052984, 0, 0.228963, 0, 0.211854, 0, 0.228963, 0, 0.211854, 0, 0.052984, 0, 0.228963, 0, 0.154867, 0, 0.284543, 0, 0.211854, 0, 0.0542258, 0, 0.154867, 0, 0.0808058, 0, 0.154867, 0, 0.228963, 0, 0.052984, 0, 0.154867, 0, 0.284543, 0, 0.154867, 0, 0.228963, 0, 0.211854, 0, 0.228963, 0, 0.052984, 0, 0.0808058, 0, 0.154867, 0, 0.0542258, 0, 0.052984, 0, 0.228963, 0, 0.154867, 0, 0.0542258, 0, 0.052984, 0, ]
target_state = [-0.0379124, 0, -0.0336008, 0, -0.0379124, 0, -0.134452, 0, -0.246614, 0, -0.0379124, 0, -0.246614, 0, -0.195934, 0, -0.246614, 0, -0.195934, 0, -0.0379124, 0, -0.246614, 0, -0.134452, 0, -0.311257, 0, -0.195934, 0, -0.0336008, 0, -0.134452, 0, -0.0524202, 0, -0.134452, 0, -0.246614, 0, -0.0379124, 0, -0.134452, 0, -0.311257, 0, -0.134452, 0, -0.246614, 0, -0.195934, 0, -0.246614, 0, -0.0379124, 0, -0.0524202, 0, -0.134452, 0, -0.0336008, 0, -0.0379124, 0, -0.246614, 0, -0.134452, 0, -0.0336008, 0, -0.0379124, 0, ]
USE_ENERGY_DISTANCE =     false
PERIODIC =                false
UNIFORM_SITES =           true
DEVICE_DIMENSION =        2
MAX_PARAM =               1
MIN_PARAM =               0
MIN_PARAM =               0
DIAG =                    false
NUM_SEEDS =               3
DISTANCE_LIMIT =          0.01
TAU_INIT =                0.5
MAX_TAU =                 5
TAU_SCALAR =              1.05
TAU_SCALAR_TINY =         1.025
TAU_SCALAR_BIG =          1.1
ACCEPTANCE_PROB =         0.85
TEMP_EXP_DECAY =          0.8
TEMP_DECAY_ITERATIONS =   40
TEMP_DECAY_LIMIT =        15
RANDOM_STATES =           3
INIT_OVERLAP_LIMIT =      0.99999
END_PARAMETERS
##############################################################################
tau =               0.5
total_steps =       1000
time_step  =        0.0005
best_mc_result  =           0.00931629
evolved_target_dot_squared =   0.990684
best_evolved_state = [0.027986, 0.0355144, 0.0323135, 0.0398326, 0.027986, 0.0355144, 0.0786537, 0.129108, 0.105929, 0.209696, 0.027986, 0.0355144, 0.105929, 0.209696, 0.104823, 0.175885, 0.105929, 0.209696, 0.104823, 0.175885, 0.027986, 0.0355144, 0.105929, 0.209696, 0.0786537, 0.129108, 0.129837, 0.260611, 0.104823, 0.175885, 0.0323135, 0.0398326, 0.0786537, 0.129108, 0.0462357, 0.060043, 0.0786537, 0.129108, 0.105929, 0.209696, 0.027986, 0.0355144, 0.0786537, 0.129108, 0.129837, 0.260611, 0.0786537, 0.129108, 0.105929, 0.209696, 0.104823, 0.175885, 0.105929, 0.209696, 0.027986, 0.0355144, 0.0462357, 0.060043, 0.0786537, 0.129108, 0.0323135, 0.0398326, 0.027986, 0.0355144, 0.105929, 0.209696, 0.0786537, 0.129108, 0.0323135, 0.0398326, 0.027986, 0.0355144, ]
distance  =         0.697688
clock_duration  =         0.405964
