START_PARAMETERS
TIME_STEP_ADIA =             0.0005
GROUND_E =                -1.17503
INITIAL_E =               -1.15471
j_initial =               0.95
k_initial =               0.95
b_initial =               0
j_target =                0.275
k_target =                0.125
b_target =                0
init_target_dot_squared = 0.987851
init_state = [0.052984, 0, 0.0542258, 0, 0.052984, 0, 0.154867, 0, 0.228963, 0, 0.052984, 0, 0.228963, 0, 0.211854, 0, 0.228963, 0, 0.211854, 0, 0.052984, 0, 0.228963, 0, 0.154867, 0, 0.284543, 0, 0.211854, 0, 0.0542258, 0, 0.154867, 0, 0.0808058, 0, 0.154867, 0, 0.228963, 0, 0.052984, 0, 0.154867, 0, 0.284543, 0, 0.154867, 0, 0.228963, 0, 0.211854, 0, 0.228963, 0, 0.052984, 0, 0.0808058, 0, 0.154867, 0, 0.0542258, 0, 0.052984, 0, 0.228963, 0, 0.154867, 0, 0.0542258, 0, 0.052984, 0, ]
target_state = [0.0722015, 0, 0.079127, 0, 0.0722015, 0, 0.168781, 0, 0.213146, 0, 0.0722015, 0, 0.213146, 0, 0.214386, 0, 0.213146, 0, 0.214386, 0, 0.0722015, 0, 0.213146, 0, 0.168781, 0, 0.258352, 0, 0.214386, 0, 0.079127, 0, 0.168781, 0, 0.110839, 0, 0.168781, 0, 0.213146, 0, 0.0722015, 0, 0.168781, 0, 0.258352, 0, 0.168781, 0, 0.213146, 0, 0.214386, 0, 0.213146, 0, 0.0722015, 0, 0.110839, 0, 0.168781, 0, 0.079127, 0, 0.0722015, 0, 0.213146, 0, 0.168781, 0, 0.079127, 0, 0.0722015, 0, ]
USE_ENERGY_DISTANCE =     false
PERIODIC =                false
UNIFORM_SITES =           true
DEVICE_DIMENSION =        2
MAX_PARAM =               1
MIN_PARAM =               0
MIN_PARAM =               0
DIAG =                    false
NUM_SEEDS =               3
DISTANCE_LIMIT =          0.01
TAU_INIT =                0.5
MAX_TAU =                 5
TAU_SCALAR =              1.05
TAU_SCALAR_TINY =         1.025
TAU_SCALAR_BIG =          1.1
ACCEPTANCE_PROB =         0.85
TEMP_EXP_DECAY =          0.8
TEMP_DECAY_ITERATIONS =   40
TEMP_DECAY_LIMIT =        15
RANDOM_STATES =           3
INIT_OVERLAP_LIMIT =      0.99999
END_PARAMETERS
##############################################################################
tau =               0.5
total_steps =       1000
time_step  =        0.0005
best_mc_result  =           0.00962705
evolved_target_dot_squared =   0.990373
best_evolved_state = [0.0171828, 0.0554933, 0.0163938, 0.0537454, 0.0171828, 0.0554933, 0.0588641, 0.145783, 0.0950058, 0.20369, 0.0171828, 0.0554933, 0.0950058, 0.20369, 0.0822601, 0.200262, 0.0950058, 0.20369, 0.0822601, 0.200262, 0.0171828, 0.0554933, 0.0950058, 0.20369, 0.0588641, 0.145783, 0.119284, 0.25336, 0.0822601, 0.200262, 0.0163938, 0.0537454, 0.0588641, 0.145783, 0.025842, 0.0801403, 0.0588641, 0.145783, 0.0950058, 0.20369, 0.0171828, 0.0554933, 0.0588641, 0.145783, 0.119284, 0.25336, 0.0588641, 0.145783, 0.0950058, 0.20369, 0.0822601, 0.200262, 0.0950058, 0.20369, 0.0171828, 0.0554933, 0.025842, 0.0801403, 0.0588641, 0.145783, 0.0163938, 0.0537454, 0.0171828, 0.0554933, 0.0950058, 0.20369, 0.0588641, 0.145783, 0.0163938, 0.0537454, 0.0171828, 0.0554933, ]
distance  =         0.792392
clock_duration  =         0.398862
