START_PARAMETERS
TIME_STEP_ADIA =             0.0005
GROUND_E =                -3.6346
INITIAL_E =               -3.62936
j_initial =               0.95
k_initial =               0.95
b_initial =               0
j_target =                0.95
k_target =                0.8
b_target =                0
init_target_dot_squared = 0.999211
init_state = [0.052984, 0, 0.0542258, 0, 0.052984, 0, 0.154867, 0, 0.228963, 0, 0.052984, 0, 0.228963, 0, 0.211854, 0, 0.228963, 0, 0.211854, 0, 0.052984, 0, 0.228963, 0, 0.154867, 0, 0.284543, 0, 0.211854, 0, 0.0542258, 0, 0.154867, 0, 0.0808058, 0, 0.154867, 0, 0.228963, 0, 0.052984, 0, 0.154867, 0, 0.284543, 0, 0.154867, 0, 0.228963, 0, 0.211854, 0, 0.228963, 0, 0.052984, 0, 0.0808058, 0, 0.154867, 0, 0.0542258, 0, 0.052984, 0, 0.228963, 0, 0.154867, 0, 0.0542258, 0, 0.052984, 0, ]
target_state = [0.0574155, 0, 0.0601607, 0, 0.0574155, 0, 0.158992, 0, 0.224802, 0, 0.0574155, 0, 0.224802, 0, 0.213627, 0, 0.224802, 0, 0.213627, 0, 0.0574155, 0, 0.224802, 0, 0.158992, 0, 0.277902, 0, 0.213627, 0, 0.0601607, 0, 0.158992, 0, 0.0883988, 0, 0.158992, 0, 0.224802, 0, 0.0574155, 0, 0.158992, 0, 0.277902, 0, 0.158992, 0, 0.224802, 0, 0.213627, 0, 0.224802, 0, 0.0574155, 0, 0.0883988, 0, 0.158992, 0, 0.0601607, 0, 0.0574155, 0, 0.224802, 0, 0.158992, 0, 0.0601607, 0, 0.0574155, 0, ]
USE_ENERGY_DISTANCE =     false
PERIODIC =                false
UNIFORM_SITES =           true
DEVICE_DIMENSION =        2
MAX_PARAM =               1
MIN_PARAM =               0
MIN_PARAM =               0
DIAG =                    false
NUM_SEEDS =               3
DISTANCE_LIMIT =          0.01
TAU_INIT =                0.5
MAX_TAU =                 5
TAU_SCALAR =              1.05
TAU_SCALAR_TINY =         1.025
TAU_SCALAR_BIG =          1.1
ACCEPTANCE_PROB =         0.85
TEMP_EXP_DECAY =          0.8
TEMP_DECAY_ITERATIONS =   40
TEMP_DECAY_LIMIT =        15
RANDOM_STATES =           3
INIT_OVERLAP_LIMIT =      0.99999
END_PARAMETERS
##############################################################################
tau =               0
total_steps =       0
time_step  =        1.11964e-310
best_mc_result  =           0
evolved_target_dot_squared =   0
best_evolved_state = [0, 0, 0, 0, 0, 0, 0, 0, 0, 0, 0, 0, 0, 0, 0, 0, 0, 0, 0, 0, 0, 0, 0, 0, 0, 0, 0, 0, 0, 0, 0, 0, 0, 0, 0, 0, 0, 0, 0, 0, 0, 0, 0, 0, 0, 0, 0, 0, 0, 0, 0, 0, 0, 0, 0, 0, 0, 0, 0, 0, 0, 0, 0, 0, 0, 0, 0, 0, 0, 0, 0, 0, ]
distance  =         0
clock_duration  =         4.68247e-310
