START_PARAMETERS
TIME_STEP_ADIA =             0.0005
GROUND_E =                -0.607112
INITIAL_E =               -0.586704
j_initial =               0.95
k_initial =               0.95
b_initial =               0
j_target =                0.2
k_target =                0.35
b_target =                0
init_target_dot_squared = 0.988476
init_state = [0.052984, 0, 0.0542258, 0, 0.052984, 0, 0.154867, 0, 0.228963, 0, 0.052984, 0, 0.228963, 0, 0.211854, 0, 0.228963, 0, 0.211854, 0, 0.052984, 0, 0.228963, 0, 0.154867, 0, 0.284543, 0, 0.211854, 0, 0.0542258, 0, 0.154867, 0, 0.0808058, 0, 0.154867, 0, 0.228963, 0, 0.052984, 0, 0.154867, 0, 0.284543, 0, 0.154867, 0, 0.228963, 0, 0.211854, 0, 0.228963, 0, 0.052984, 0, 0.0808058, 0, 0.154867, 0, 0.0542258, 0, 0.052984, 0, 0.228963, 0, 0.154867, 0, 0.0542258, 0, 0.052984, 0, ]
target_state = [0.0388283, 0, 0.0348531, 0, 0.0388283, 0, 0.136057, 0, 0.245355, 0, 0.0388283, 0, 0.245355, 0, 0.197509, 0, 0.245355, 0, 0.197509, 0, 0.0388283, 0, 0.245355, 0, 0.136057, 0, 0.309415, 0, 0.197509, 0, 0.0348531, 0, 0.136057, 0, 0.0542299, 0, 0.136057, 0, 0.245355, 0, 0.0388283, 0, 0.136057, 0, 0.309415, 0, 0.136057, 0, 0.245355, 0, 0.197509, 0, 0.245355, 0, 0.0388283, 0, 0.0542299, 0, 0.136057, 0, 0.0348531, 0, 0.0388283, 0, 0.245355, 0, 0.136057, 0, 0.0348531, 0, 0.0388283, 0, ]
USE_ENERGY_DISTANCE =     false
PERIODIC =                false
UNIFORM_SITES =           true
DEVICE_DIMENSION =        2
MAX_PARAM =               1
MIN_PARAM =               0
MIN_PARAM =               0
DIAG =                    false
NUM_SEEDS =               3
DISTANCE_LIMIT =          0.01
TAU_INIT =                0.5
MAX_TAU =                 5
TAU_SCALAR =              1.05
TAU_SCALAR_TINY =         1.025
TAU_SCALAR_BIG =          1.1
ACCEPTANCE_PROB =         0.85
TEMP_EXP_DECAY =          0.8
TEMP_DECAY_ITERATIONS =   40
TEMP_DECAY_LIMIT =        15
RANDOM_STATES =           3
INIT_OVERLAP_LIMIT =      0.99999
END_PARAMETERS
##############################################################################
tau =               0.5
total_steps =       1000
time_step  =        0.0005
best_mc_result  =           0.0089347
evolved_target_dot_squared =   0.991065
best_evolved_state = [0.0301973, 0.0375225, 0.0327554, 0.0411403, 0.0301973, 0.0375225, 0.0842374, 0.127291, 0.117224, 0.200981, 0.0301973, 0.0375225, 0.117224, 0.200981, 0.11362, 0.173648, 0.117224, 0.200981, 0.11362, 0.173648, 0.0301973, 0.0375225, 0.117224, 0.200981, 0.0842374, 0.127291, 0.1446, 0.249717, 0.11362, 0.173648, 0.0327554, 0.0411403, 0.0842374, 0.127291, 0.0476166, 0.0615905, 0.0842374, 0.127291, 0.117224, 0.200981, 0.0301973, 0.0375225, 0.0842374, 0.127291, 0.1446, 0.249717, 0.0842374, 0.127291, 0.117224, 0.200981, 0.11362, 0.173648, 0.117224, 0.200981, 0.0301973, 0.0375225, 0.0476166, 0.0615905, 0.0842374, 0.127291, 0.0327554, 0.0411403, 0.0301973, 0.0375225, 0.117224, 0.200981, 0.0842374, 0.127291, 0.0327554, 0.0411403, 0.0301973, 0.0375225, ]
distance  =         0.775316
clock_duration  =         0.458583
