START_PARAMETERS
TIME_STEP_ADIA =             0.0005
GROUND_E =                -3.70433
INITIAL_E =               -3.64745
j_initial =               0.95
k_initial =               0.95
b_initial =               0
j_target =                0.875
k_target =                0.425
b_target =                0
init_target_dot_squared = 0.989442
init_state = [0.052984, 0, 0.0542258, 0, 0.052984, 0, 0.154867, 0, 0.228963, 0, 0.052984, 0, 0.228963, 0, 0.211854, 0, 0.228963, 0, 0.211854, 0, 0.052984, 0, 0.228963, 0, 0.154867, 0, 0.284543, 0, 0.211854, 0, 0.0542258, 0, 0.154867, 0, 0.0808058, 0, 0.154867, 0, 0.228963, 0, 0.052984, 0, 0.154867, 0, 0.284543, 0, 0.154867, 0, 0.228963, 0, 0.211854, 0, 0.228963, 0, 0.052984, 0, 0.0808058, 0, 0.154867, 0, 0.0542258, 0, 0.052984, 0, 0.228963, 0, 0.154867, 0, 0.0542258, 0, 0.052984, 0, ]
target_state = [-0.0707445, 0, -0.0773213, 0, -0.0707445, 0, -0.168038, 0, -0.214173, 0, -0.0707445, 0, -0.214173, 0, -0.214571, 0, -0.214173, 0, -0.214571, 0, -0.0707445, 0, -0.214173, 0, -0.168038, 0, -0.260137, 0, -0.214571, 0, -0.0773213, 0, -0.168038, 0, -0.108826, 0, -0.168038, 0, -0.214173, 0, -0.0707445, 0, -0.168038, 0, -0.260137, 0, -0.168038, 0, -0.214173, 0, -0.214571, 0, -0.214173, 0, -0.0707445, 0, -0.108826, 0, -0.168038, 0, -0.0773213, 0, -0.0707445, 0, -0.214173, 0, -0.168038, 0, -0.0773213, 0, -0.0707445, 0, ]
USE_ENERGY_DISTANCE =     false
PERIODIC =                false
UNIFORM_SITES =           true
DEVICE_DIMENSION =        2
MAX_PARAM =               1
MIN_PARAM =               0
MIN_PARAM =               0
DIAG =                    false
NUM_SEEDS =               3
DISTANCE_LIMIT =          0.01
TAU_INIT =                0.5
MAX_TAU =                 5
TAU_SCALAR =              1.05
TAU_SCALAR_TINY =         1.025
TAU_SCALAR_BIG =          1.1
ACCEPTANCE_PROB =         0.85
TEMP_EXP_DECAY =          0.8
TEMP_DECAY_ITERATIONS =   40
TEMP_DECAY_LIMIT =        15
RANDOM_STATES =           3
INIT_OVERLAP_LIMIT =      0.99999
END_PARAMETERS
##############################################################################
tau =               0.5
total_steps =       1000
time_step  =        0.0005
best_mc_result  =           0.00494699
evolved_target_dot_squared =   0.995053
best_evolved_state = [-0.0219183, 0.0650799, -0.0310984, 0.0607538, -0.0219183, 0.0650799, -0.0417389, 0.157068, -0.0408965, 0.210153, -0.0219183, 0.0650799, -0.0408965, 0.210153, -0.048075, 0.220901, -0.0408965, 0.210153, -0.048075, 0.220901, -0.0219183, 0.0650799, -0.0408965, 0.210153, -0.0417389, 0.157068, -0.0446627, 0.262407, -0.048075, 0.220901, -0.0310984, 0.0607538, -0.0417389, 0.157068, -0.0394614, 0.0905336, -0.0417389, 0.157068, -0.0408965, 0.210153, -0.0219183, 0.0650799, -0.0417389, 0.157068, -0.0446627, 0.262407, -0.0417389, 0.157068, -0.0408965, 0.210153, -0.048075, 0.220901, -0.0408965, 0.210153, -0.0219183, 0.0650799, -0.0394614, 0.0905336, -0.0417389, 0.157068, -0.0310984, 0.0607538, -0.0219183, 0.0650799, -0.0408965, 0.210153, -0.0417389, 0.157068, -0.0310984, 0.0607538, -0.0219183, 0.0650799, ]
distance  =         0.468559
clock_duration  =         0.485061
