START_PARAMETERS
TIME_STEP_ADIA =             0.0005
GROUND_E =                -2.80359
INITIAL_E =               -2.75905
j_initial =               0.95
k_initial =               0.05
b_initial =               0
j_target =                0.65
k_target =                0.275
b_target =                0
init_target_dot_squared = 0.987556
init_state = [-0.0975524, 0, -0.108203, 0, -0.0975524, 0, -0.176286, 0, -0.197916, 0, -0.0975524, 0, -0.197916, 0, -0.206211, 0, -0.197916, 0, -0.206211, 0, -0.0975524, 0, -0.197916, 0, -0.176286, 0, -0.230377, 0, -0.206211, 0, -0.108203, 0, -0.176286, 0, -0.139314, 0, -0.176286, 0, -0.197916, 0, -0.0975524, 0, -0.176286, 0, -0.230377, 0, -0.176286, 0, -0.197916, 0, -0.206211, 0, -0.197916, 0, -0.0975524, 0, -0.139314, 0, -0.176286, 0, -0.108203, 0, -0.0975524, 0, -0.197916, 0, -0.176286, 0, -0.108203, 0, -0.0975524, 0, ]
target_state = [0.0737318, 0, 0.081008, 0, 0.0737318, 0, 0.169516, 0, 0.212089, 0, 0.0737318, 0, 0.212089, 0, 0.214146, 0, 0.212089, 0, 0.214146, 0, 0.0737318, 0, 0.212089, 0, 0.169516, 0, 0.256504, 0, 0.214146, 0, 0.081008, 0, 0.169516, 0, 0.112907, 0, 0.169516, 0, 0.212089, 0, 0.0737318, 0, 0.169516, 0, 0.256504, 0, 0.169516, 0, 0.212089, 0, 0.214146, 0, 0.212089, 0, 0.0737318, 0, 0.112907, 0, 0.169516, 0, 0.081008, 0, 0.0737318, 0, 0.212089, 0, 0.169516, 0, 0.081008, 0, 0.0737318, 0, ]
USE_ENERGY_DISTANCE =     false
PERIODIC =                false
UNIFORM_SITES =           true
DEVICE_DIMENSION =        2
MAX_PARAM =               1
MIN_PARAM =               0
MIN_PARAM =               0
DIAG =                    false
NUM_SEEDS =               3
DISTANCE_LIMIT =          0.01
TAU_INIT =                0.5
MAX_TAU =                 5
TAU_SCALAR =              1.05
TAU_SCALAR_TINY =         1.025
TAU_SCALAR_BIG =          1.1
ACCEPTANCE_PROB =         0.85
TEMP_EXP_DECAY =          0.8
TEMP_DECAY_ITERATIONS =   40
TEMP_DECAY_LIMIT =        15
RANDOM_STATES =           3
INIT_OVERLAP_LIMIT =      0.99999
END_PARAMETERS
##############################################################################
tau =               0.5
total_steps =       1000
time_step  =        0.0005
best_mc_result  =           0.00880468
evolved_target_dot_squared =   0.991195
best_evolved_state = [0.00851129, -0.0838934, 0.0118044, -0.102364, 0.00851129, -0.0838934, 0.0459856, -0.168317, 0.0644255, -0.198399, 0.00851129, -0.0838934, 0.0644255, -0.198399, 0.058674, -0.191272, 0.0644255, -0.198399, 0.058674, -0.191272, 0.00851129, -0.0838934, 0.0644255, -0.198399, 0.0459856, -0.168317, 0.0790424, -0.226872, 0.058674, -0.191272, 0.0118044, -0.102364, 0.0459856, -0.168317, 0.019967, -0.12774, 0.0459856, -0.168317, 0.0644255, -0.198399, 0.00851129, -0.0838934, 0.0459856, -0.168317, 0.0790424, -0.226872, 0.0459856, -0.168317, 0.0644255, -0.198399, 0.058674, -0.191272, 0.0644255, -0.198399, 0.00851129, -0.0838934, 0.019967, -0.12774, 0.0459856, -0.168317, 0.0118044, -0.102364, 0.00851129, -0.0838934, 0.0644255, -0.198399, 0.0459856, -0.168317, 0.0118044, -0.102364, 0.00851129, -0.0838934, ]
distance  =         0.707535
clock_duration  =         0.459781
