START_PARAMETERS
TIME_STEP_ADIA =             0.0005
GROUND_E =                -0.0260374
INITIAL_E =               -0.0258841
j_initial =               0.05
k_initial =               0.95
b_initial =               0
j_target =                0.05
k_target =                0.875
b_target =                0
init_target_dot_squared = 0.999918
init_state = [-0.00517468, 0, -0.000796714, 0, -0.00517468, 0, -0.0252919, 0, -0.295802, 0, -0.00517468, 0, -0.295802, 0, -0.0406109, 0, -0.295802, 0, -0.0406109, 0, -0.00517468, 0, -0.295802, 0, -0.0252919, 0, -0.379523, 0, -0.0406109, 0, -0.000796714, 0, -0.0252919, 0, -0.00132279, 0, -0.0252919, 0, -0.295802, 0, -0.00517468, 0, -0.0252919, 0, -0.379523, 0, -0.0252919, 0, -0.295802, 0, -0.0406109, 0, -0.295802, 0, -0.00517468, 0, -0.00132279, 0, -0.0252919, 0, -0.000796714, 0, -0.00517468, 0, -0.295802, 0, -0.0252919, 0, -0.000796714, 0, -0.00517468, 0, ]
target_state = [-0.00560965, 0, -0.000935637, 0, -0.00560965, 0, -0.0273813, 0, -0.295499, 0, -0.00560965, 0, -0.295499, 0, -0.0439493, 0, -0.295499, 0, -0.0439493, 0, -0.00560965, 0, -0.295499, 0, -0.0273813, 0, -0.379116, 0, -0.0439493, 0, -0.000935637, 0, -0.0273813, 0, -0.00155309, 0, -0.0273813, 0, -0.295499, 0, -0.00560965, 0, -0.0273813, 0, -0.379116, 0, -0.0273813, 0, -0.295499, 0, -0.0439493, 0, -0.295499, 0, -0.00560965, 0, -0.00155309, 0, -0.0273813, 0, -0.000935637, 0, -0.00560965, 0, -0.295499, 0, -0.0273813, 0, -0.000935637, 0, -0.00560965, 0, ]
USE_ENERGY_DISTANCE =     false
PERIODIC =                false
UNIFORM_SITES =           true
DEVICE_DIMENSION =        2
MAX_PARAM =               1
MIN_PARAM =               0
MIN_PARAM =               0
DIAG =                    false
NUM_SEEDS =               3
DISTANCE_LIMIT =          0.01
TAU_INIT =                0.5
MAX_TAU =                 5
TAU_SCALAR =              1.05
TAU_SCALAR_TINY =         1.025
TAU_SCALAR_BIG =          1.1
ACCEPTANCE_PROB =         0.85
TEMP_EXP_DECAY =          0.8
TEMP_DECAY_ITERATIONS =   40
TEMP_DECAY_LIMIT =        15
RANDOM_STATES =           3
INIT_OVERLAP_LIMIT =      0.99999
END_PARAMETERS
##############################################################################
tau =               0
total_steps =       0
time_step  =        1.15821e-310
best_mc_result  =           0
evolved_target_dot_squared =   0
best_evolved_state = [0, 0, 0, 0, 0, 0, 0, 0, 0, 0, 0, 0, 0, 0, 0, 0, 0, 0, 0, 0, 0, 0, 0, 0, 0, 0, 0, 0, 0, 0, 0, 0, 0, 0, 0, 0, 0, 0, 0, 0, 0, 0, 0, 0, 0, 0, 0, 0, 0, 0, 0, 0, 0, 0, 0, 0, 0, 0, 0, 0, 0, 0, 0, 0, 0, 0, 0, 0, 0, 0, 0, 0, ]
distance  =         0
clock_duration  =         4.68374e-310
