START_PARAMETERS
TIME_STEP_ADIA =             0.0005
GROUND_E =                -3.4357
INITIAL_E =               -3.37249
j_initial =               0.95
k_initial =               0.95
b_initial =               0
j_target =                0.8
k_target =                0.35
b_target =                0
init_target_dot_squared = 0.986916
init_state = [0.052984, 0, 0.0542258, 0, 0.052984, 0, 0.154867, 0, 0.228963, 0, 0.052984, 0, 0.228963, 0, 0.211854, 0, 0.228963, 0, 0.211854, 0, 0.052984, 0, 0.228963, 0, 0.154867, 0, 0.284543, 0, 0.211854, 0, 0.0542258, 0, 0.154867, 0, 0.0808058, 0, 0.154867, 0, 0.228963, 0, 0.052984, 0, 0.154867, 0, 0.284543, 0, 0.154867, 0, 0.228963, 0, 0.211854, 0, 0.228963, 0, 0.052984, 0, 0.0808058, 0, 0.154867, 0, 0.0542258, 0, 0.052984, 0, 0.228963, 0, 0.154867, 0, 0.0542258, 0, 0.052984, 0, ]
target_state = [-0.0730228, 0, -0.0801385, 0, -0.0730228, 0, -0.169181, 0, -0.212576, 0, -0.0730228, 0, -0.212576, 0, -0.214263, 0, -0.212576, 0, -0.214263, 0, -0.0730228, 0, -0.212576, 0, -0.169181, 0, -0.257357, 0, -0.214263, 0, -0.0801385, 0, -0.169181, 0, -0.111955, 0, -0.169181, 0, -0.212576, 0, -0.0730228, 0, -0.169181, 0, -0.257357, 0, -0.169181, 0, -0.212576, 0, -0.214263, 0, -0.212576, 0, -0.0730228, 0, -0.111955, 0, -0.169181, 0, -0.0801385, 0, -0.0730228, 0, -0.212576, 0, -0.169181, 0, -0.0801385, 0, -0.0730228, 0, ]
USE_ENERGY_DISTANCE =     false
PERIODIC =                false
UNIFORM_SITES =           true
DEVICE_DIMENSION =        2
MAX_PARAM =               1
MIN_PARAM =               0
MIN_PARAM =               0
DIAG =                    false
NUM_SEEDS =               3
DISTANCE_LIMIT =          0.01
TAU_INIT =                0.5
MAX_TAU =                 5
TAU_SCALAR =              1.05
TAU_SCALAR_TINY =         1.025
TAU_SCALAR_BIG =          1.1
ACCEPTANCE_PROB =         0.85
TEMP_EXP_DECAY =          0.8
TEMP_DECAY_ITERATIONS =   40
TEMP_DECAY_LIMIT =        15
RANDOM_STATES =           3
INIT_OVERLAP_LIMIT =      0.99999
END_PARAMETERS
##############################################################################
tau =               0.5
total_steps =       1000
time_step  =        0.0005
best_mc_result  =           0.00663294
evolved_target_dot_squared =   0.993367
best_evolved_state = [-0.0190594, 0.066566, -0.0274755, 0.0615, -0.0190594, 0.066566, -0.0313789, 0.159584, -0.0250363, 0.212212, -0.0190594, 0.066566, -0.0250363, 0.212212, -0.0343966, 0.224076, -0.0250363, 0.212212, -0.0343966, 0.224076, -0.0190594, 0.066566, -0.0250363, 0.212212, -0.0313789, 0.159584, -0.0251965, 0.265044, -0.0343966, 0.224076, -0.0274755, 0.0615, -0.0313789, 0.159584, -0.0342477, 0.0919529, -0.0313789, 0.159584, -0.0250363, 0.212212, -0.0190594, 0.066566, -0.0313789, 0.159584, -0.0251965, 0.265044, -0.0313789, 0.159584, -0.0250363, 0.212212, -0.0343966, 0.224076, -0.0250363, 0.212212, -0.0190594, 0.066566, -0.0342477, 0.0919529, -0.0313789, 0.159584, -0.0274755, 0.0615, -0.0190594, 0.066566, -0.0250363, 0.212212, -0.0313789, 0.159584, -0.0274755, 0.0615, -0.0190594, 0.066566, ]
distance  =         0.506935
clock_duration  =         0.768372
