##############################################################
SIMULATIONS PARAMETERS
##############################################################
DIAG=                         false
SEED_TOTAL=                   1
DIFFERENCE_LIMIT_MCBB=        0.005
TAU_INIT_MCBB=                0.02
MAX_TAU_MCBB=                 10
TAU_SCALAR_MCBB=              1.5
CHANGE_FRACTION_MCBB=         0.1
ACCEPTANCE_PROB_MCBB=         0.8
TEMP_EXP_DECAY_MCBB=          0.85
BINARY_SEARCH_TAU_LIMIT_MCBB= 0.001
RANDOM_STATES_MCBB=           5
NUMBER_OF_BANGS=              5
SWEEPS_MCBB=                  50
TEMP_DECAY_ITERATIONS_MCBB=   30
TEMP_DECAY_LIMIT_MCBB=        10
MAX_TAU_STEPS_MCBB=           16
CONVERGE_LIMITS=             [0.9, 0.92, 0.94, 0.96, 0.98, 1, ]

##############################################################
HAMILTONIAN PARAMETERS
##############################################################
g_initial=        1.0
f_initial=        0.10
g_target=         0.50
f_target=         0.50
j_initial=        1
k_initial=        0
b_initial=        0
j_target=         0.5
k_target=         0.25
b_target=         0.25
PERIODIC=         true
UNIFORM_SITES=    true
DEVICE_DIMENSION= 2
MAX_PARAM=        1
MIN_PARAM=        0





##############################################################################
##############################################################################
seed =             1
tau =              0.176199

initial_tau=      0
initial_E=        -3.93044
initial_j_times = [0, 0.0037252, 0.00472178, 0.00604665, 0.00626547, 0.00834044, 0.0107763, 0.0133949, 0.0186511, 0.02, ]
initial_k_times = [0, 2.28762e-06, 0.00184677, 0.00775821, 0.00793535, 0.0137044, 0.0169262, 0.0199437, 0.0199808, 0.02, ]
initial_b_times = [0, 0.00256249, 0.00293512, 0.00691121, 0.00793161, 0.00838389, 0.010491, 0.0144065, 0.0187108, 0.02, ]

pre_converge_taus = [0.175605, 0.180352, 0, 0.189844, 0.227813, ]
pre_converge_Es =  [-3.98106, -3.98213, 0, -3.98392, -3.98607, ]
pre_converge_j_times = [0, 0.0120644, 0.0120644, 0.13191, 0.13191, 0.132141, 0.132141, 0.169114, 0.169114, 0.175605, 0, 0.00394865, 0.00394865, 0.122611, 0.122611, 0.147443, 0.147443, 0.164976, 0.164976, 0.180352, 0, 0, 0, 0, 0, 0, 0, 0, 0, 0, 0, 0, 0, 0.11535, 0.11535, 0.11535, 0.11535, 0.138345, 0.138345, 0.189844, 0.00972011, 0.0299109, 0.034511, 0.143567, 0.143567, 0.16651, 0.16651, 0.172911, 0.172911, 0.227813, ]
pre_converge_k_times = [0, 0.0512368, 0.129815, 0.129815, 0.153284, 0.153284, 0.175605, 0.175605, 0.175605, 0.175605, 0, 0.0519887, 0.123503, 0.123503, 0.162407, 0.162407, 0.170178, 0.170178, 0.180352, 0.180352, 0, 0, 0, 0, 0, 0, 0, 0, 0, 0, 0, 0.0536551, 0.148571, 0.148571, 0.148571, 0.148571, 0.183772, 0.183772, 0.189844, 0.189844, 0.0108781, 0.0678239, 0.170358, 0.170358, 0.174305, 0.174305, 0.226757, 0.226757, 0.227813, 0.227813, ]
pre_converge_b_times = [0.00971803, 0.03322, 0.03322, 0.0368346, 0.0368346, 0.0368346, 0.0368346, 0.105472, 0.105472, 0.12202, 0.0247663, 0.0247663, 0.0302276, 0.0342777, 0.0342777, 0.0509777, 0.0850337, 0.0850337, 0.107919, 0.180352, 0, 0, 0, 0, 0, 0, 0, 0, 0, 0, 0, 0.00327844, 0.00854545, 0.0387917, 0.0643718, 0.0685958, 0.0772439, 0.0803259, 0.107192, 0.165005, 0.0314786, 0.0314786, 0.0314786, 0.0314786, 0.100437, 0.100437, 0.105148, 0.105148, 0.169732, 0.203528, ]

j_times = [0, 0.000273004, 0.000273004, 0.109337, 0.109337, 0.138587, 0.138587, 0.176199, 0.176199, 0.176199, ]
k_times = [0, 0.0512295, 0.0954499, 0.0954499, 0.140313, 0.140313, 0.161823, 0.161823, 0.161823, 0.161823, ]
b_times = [0.0227414, 0.049047, 0.121715, 0.127543, 0.127543, 0.127543, 0.146623, 0.146623, 0.157486, 0.165113, ]
j/k/b = [1, 0, 1, 0, 1, 0, 1, 0, 1, 0, ]

times =    [0.02, 0.03, 0.045, 0.0675, 0.10125, 0.151875, 0.170859, 0.175605, 0.176199, ]
E_best =   [-3.93385, -3.93512, -3.93791, -3.94384, -3.95555, -3.97428, -3.97989, -3.98106, -3.9812, ]
E_ground = [-3.98607, -3.98607, -3.98607, -3.98607, -3.98607, -3.98607, -3.98607, -3.98607, -3.98607, ]
