START_PARAMETERS
DIAG =                         false
NUM_SEEDS =                    5
DISTANCE_LIMIT_MCBB =          0.01
TAU_INIT_MCBB =                0.03
MAX_TAU_MCBB =                 0.7
TAU_SCALAR_MCBB =              1.2
TAU_SCALAR_MCBB_TINY =         1.05
TAU_SCALAR_MCBB_BIG =          1.6
MAX_CHANGE_FRACTION_MCBB =     0.8
MIN_CHANGE_FRACTION_MCBB =     0.01
ACCEPTANCE_PROB_MCBB =         0.8
TEMP_EXP_DECAY_MCBB =          0.8
BINARY_SEARCH_TAU_LIMIT_MCBB = 0.0003
RANDOM_STATES_MCBB =           3
NUMBER_OF_BANGS =              3
SWEEPS_MCBB =                  100
TEMP_DECAY_ITERATIONS_MCBB =   30
TEMP_DECAY_LIMIT_MCBB =        7
MAX_TAU_STEPS_MCBB =           18
MAX_BS_STEPS_MCDB =            9
GROUND_E =                   -7.12311
INITIAL_E =                  -7.12311
g_initial =        1
f_initial =        1
g_targe t =        1
f_target =         0.5
j_initial =        1
k_initial =        0
b_initial =        0
j_target =         1
k_target =         0
b_target =         0
PERIODIC =         true
UNIFORM_SITES =    true
DEVICE_DIMENSION = 2
MAX_PARAM =        1
MIN_PARAM =        0
END_PARAMETERS
##############################################################################
tau =               0.03
best_E =          -7.12311
distance =          11.5
j_protocol =  [[0.00197079, 0.0043996, 0.00628572, 0.00902932, 0.0262125, 0.03, ],[0.00421015, 0.00486205, 0.0120466, 0.0120466, 0.0265305, 0.03, ],[0, 0.00383332, 0.012267, 0.012267, 0.0128474, 0.0166997, ],[0.000328011, 0.000328011, 0.0127131, 0.0183094, 0.0270242, 0.0274638, ],[0.00259903, 0.00547694, 0.00862781, 0.00957275, 0.0125551, 0.0130625, ],]
k_protocol = [[0, 0, 0.0262151, 0.0262151, 0.0262151, 0.0262151, ],[0.0056418, 0.0056418, 0.0130384, 0.0130384, 0.0236143, 0.0236143, ],[0, 0, 0.0109724, 0.0109724, 0.0268888, 0.0268888, ],[0, 0, 0.0270186, 0.0270186, 0.0291805, 0.0291805, ],[0.0016554, 0.0016554, 0.00654105, 0.00654105, 0.03, 0.03, ],]
b_protocol = [[0, 0.00384373, 0.00440268, 0.0118974, 0.0216097, 0.03, ],[0, 0.000777787, 0.0046328, 0.012611, 0.0284319, 0.03, ],[0, 0.00056244, 0.00363986, 0.0212444, 0.0267884, 0.03, ],[0, 0.00424393, 0.016417, 0.0209319, 0.0256686, 0.03, ],[0, 0.0109121, 0.0119021, 0.0146523, 0.026122, 0.03, ],]
j/k/b =   [1, 0, 1, 0, 1, 0, ]
best_E_fixed_tau =   [-7.12311, -7.12311, -7.12311, -7.12311, -7.12311, ]
##############################################################################
tau =               0.036
best_E =          -7.12311
distance =          7.75
j_protocol =  [[0.000107603, 0.00297533, 0.0275742, 0.036, 0.036, 0.036, ],[0.0048996, 0.0048996, 0.0057882, 0.0057882, 0.0288179, 0.0305143, ],[0.00387748, 0.00629482, 0.00672501, 0.00672501, 0.0122188, 0.013098, ],[0.0109986, 0.0198992, 0.0233818, 0.0257109, 0.0314027, 0.0331194, ],[0, 0, 0.00629928, 0.00779413, 0.0104931, 0.0346716, ],]
k_protocol = [[0, 0, 0.00798189, 0.00798189, 0.00865253, 0.00865253, ],[0.00534989, 0.00534989, 0.0145425, 0.0145425, 0.0222703, 0.0222703, ],[0, 0, 0.0114214, 0.0114214, 0.0275001, 0.0275001, ],[0, 0, 0.0270186, 0.0270186, 0.0291805, 0.0291805, ],[0.0016554, 0.0016554, 0.00620157, 0.00620157, 0.036, 0.036, ],]
b_protocol = [[0, 0.00384373, 0.00440268, 0.0118974, 0.0216097, 0.036, ],[0, 0.000777787, 0.0046328, 0.012611, 0.0284319, 0.036, ],[0, 0.00056244, 0.00363986, 0.0212444, 0.0267884, 0.036, ],[0, 0.00424393, 0.016417, 0.0209319, 0.0256686, 0.036, ],[0, 0.0109121, 0.0119021, 0.0146523, 0.026122, 0.036, ],]
j/k/b =   [1, 0, 1, 0, 1, 0, ]
best_E_fixed_tau =   [-7.12311, -7.12311, -7.12311, -7.12311, -7.12311, ]
