##############################################################
SIMULATIONS PARAMETERS
##############################################################
DIAG=                         false
SEED_TOTAL=                   1
DIFFERENCE_LIMIT_MCBB=        0.005
TAU_INIT_MCBB=                0.02
MAX_TAU_MCBB=                 10
TAU_SCALAR_MCBB=              1.5
CHANGE_FRACTION_MCBB=         0.1
ACCEPTANCE_PROB_MCBB=         0.8
TEMP_EXP_DECAY_MCBB=          0.85
BINARY_SEARCH_TAU_LIMIT_MCBB= 0.001
RANDOM_STATES_MCBB=           5
NUMBER_OF_BANGS=              5
SWEEPS_MCBB=                  50
TEMP_DECAY_ITERATIONS_MCBB=   30
TEMP_DECAY_LIMIT_MCBB=        10
MAX_TAU_STEPS_MCBB=           16
CONVERGE_LIMITS=             [0.9, 0.92, 0.94, 0.96, 0.98, 1, ]

##############################################################
HAMILTONIAN PARAMETERS
##############################################################
g_initial=        0.10
f_initial=        0.10
g_target=         0.50
f_target=         0.50
j_initial=        0.1
k_initial=        0.09
b_initial=        0.81
j_target=         0.5
k_target=         0.25
b_target=         0.25
PERIODIC=         true
UNIFORM_SITES=    true
DEVICE_DIMENSION= 2
MAX_PARAM=        1
MIN_PARAM=        0





##############################################################################
##############################################################################
seed =             1
tau =              0.116279

initial_tau=      0
initial_E=        -3.96155
initial_j_times = [0, 0.0037252, 0.00472178, 0.00604665, 0.00626547, 0.00834044, 0.0107763, 0.0133949, 0.0186511, 0.02, ]
initial_k_times = [0, 2.28762e-06, 0.00184677, 0.00775821, 0.00793535, 0.0137044, 0.0169262, 0.0199437, 0.0199808, 0.02, ]
initial_b_times = [0, 0.00256249, 0.00293512, 0.00691121, 0.00793161, 0.00838389, 0.010491, 0.0144065, 0.0187108, 0.02, ]

pre_converge_taus = [0, 0, 0, 0, 0.151875, ]
pre_converge_Es =  [0, 0, 0, 0, -3.98593, ]
pre_converge_j_times = [0, 0, 0, 0, 0, 0, 0, 0, 0, 0, 0, 0, 0, 0, 0, 0, 0, 0, 0, 0, 0, 0, 0, 0, 0, 0, 0, 0, 0, 0, 0, 0, 0, 0, 0, 0, 0, 0, 0, 0, 0, 0.0551495, 0.0551495, 0.070199, 0.070199, 0.0804309, 0.0804309, 0.121907, 0.151875, 0.151875, ]
pre_converge_k_times = [0, 0, 0, 0, 0, 0, 0, 0, 0, 0, 0, 0, 0, 0, 0, 0, 0, 0, 0, 0, 0, 0, 0, 0, 0, 0, 0, 0, 0, 0, 0, 0, 0, 0, 0, 0, 0, 0, 0, 0, 0, 0, 0.0559337, 0.0559337, 0.0652876, 0.138121, 0.138121, 0.138121, 0.138121, 0.151875, ]
pre_converge_b_times = [0, 0, 0, 0, 0, 0, 0, 0, 0, 0, 0, 0, 0, 0, 0, 0, 0, 0, 0, 0, 0, 0, 0, 0, 0, 0, 0, 0, 0, 0, 0, 0, 0, 0, 0, 0, 0, 0, 0, 0, 0.0139222, 0.0175348, 0.018586, 0.0295008, 0.054475, 0.0999793, 0.100699, 0.113942, 0.151875, 0.151875, ]

j_times = [0, 0.0480696, 0.0480696, 0.0552777, 0.0552777, 0.0552777, 0.0552777, 0.093236, 0.116279, 0.116279, ]
k_times = [0.00829104, 0.00829104, 0.0499216, 0.0499216, 0.0499216, 0.0960474, 0.0960474, 0.10187, 0.10187, 0.116279, ]
b_times = [0.00966553, 0.0282676, 0.0282676, 0.0565253, 0.0565253, 0.0694622, 0.104105, 0.116279, 0.116279, 0.116279, ]
j/k/b = [1, 0, 1, 0, 1, 0, 1, 0, 1, 0, ]

times =    [0.02, 0.03, 0.045, 0.0675, 0.10125, 0.113906, 0.115488, 0.116279, ]
E_best =   [-3.96272, -3.9637, -3.96581, -3.97015, -3.97793, -3.9807, -3.98103, -3.98119, ]
E_ground = [-3.98607, -3.98607, -3.98607, -3.98607, -3.98607, -3.98607, -3.98607, -3.98607, ]
