START_PARAMETERS
MAX_STEPS_MCDB =               128
MIN_STEPS_MCDB =               4
STEPS_CRUNCH_MCDB =            1
SWEEPS_MCDB =                  150
GROUND_E =                -2.12237
INITIAL_E =               -2.12092
j_initial =               0.614
k_initial =               0.25
b_initial =               0
j_target =                0.503
k_target =                0.25
b_target =                0
init_target_dot_squared = 0.999507
init_state = [-0.0745292, 0, -0.0819818, 0, -0.0745292, 0, -0.169882, 0, -0.211548, 0, -0.0745292, 0, -0.211548, 0, -0.214004, 0, -0.211548, 0, -0.214004, 0, -0.0745292, 0, -0.211548, 0, -0.169882, 0, -0.255551, 0, -0.214004, 0, -0.0819818, 0, -0.169882, 0, -0.113966, 0, -0.169882, 0, -0.211548, 0, -0.0745292, 0, -0.169882, 0, -0.255551, 0, -0.169882, 0, -0.211548, 0, -0.214004, 0, -0.211548, 0, -0.0745292, 0, -0.113966, 0, -0.169882, 0, -0.0819818, 0, -0.0745292, 0, -0.211548, 0, -0.169882, 0, -0.0819818, 0, -0.0745292, 0, ]
target_state = [0.0702299, 0, 0.0766802, 0, 0.0702299, 0, 0.167766, 0, 0.214541, 0, 0.0702299, 0, 0.214541, 0, 0.214625, 0, 0.214541, 0, 0.214625, 0, 0.0702299, 0, 0.214541, 0, 0.167766, 0, 0.260773, 0, 0.214625, 0, 0.0766802, 0, 0.167766, 0, 0.108105, 0, 0.167766, 0, 0.214541, 0, 0.0702299, 0, 0.167766, 0, 0.260773, 0, 0.167766, 0, 0.214541, 0, 0.214625, 0, 0.214541, 0, 0.0702299, 0, 0.108105, 0, 0.167766, 0, 0.0766802, 0, 0.0702299, 0, 0.214541, 0, 0.167766, 0, 0.0766802, 0, 0.0702299, 0, ]
USE_ENERGY_DISTANCE =     false
PERIODIC =                false
UNIFORM_SITES =           true
DEVICE_DIMENSION =        2
MAX_PARAM =               1
MIN_PARAM =               0
MIN_PARAM =               0
DIAG =                    true
NUM_SEEDS =               1
DISTANCE_LIMIT =          0.01
TAU_INIT =                0.1
MAX_TAU =                 3
TAU_SCALAR =              1.15
TAU_SCALAR_TINY =         1.05
TAU_SCALAR_BIG =          1.3
ACCEPTANCE_PROB =         0.55
TEMP_EXP_DECAY =          0.9
MIN_TEMP_FRACTION =       0.01
TEMP_DECAY_ITERATIONS =   44
ZERO_TEMP_ITREATIONS =    15
RANDOM_STATES =           4
INIT_OVERLAP_LIMIT =      0.99999
END_PARAMETERS
##############################################################################
clock_duration  =         9.88131e-324
tau =                     0
total_steps =             4
time_step =               0.025
best_mc_result =          0
evolved_target_dot_squared =  0
best_evolved_state = [0, 0, 0, 0, 0, 0, 0, 0, 0, 0, 0, 0, 0, 0, 0, 0, 0, 0, 0, 0, 0, 0, 0, 0, 0, 0, 0, 0, 0, 0, 0, 0, 0, 0, 0, 0, 0, 0, 0, 0, 0, 0, 0, 0, 0, 0, 0, 0, 0, 0, 0, 0, 0, 0, 0, 0, 0, 0, 0, 0, 0, 0, 0, 0, 0, 0, 0, 0, 0, 0, 0, 0, ]
distance =          0
j_protocol =  [[0, 0, 0, 0, ],]
k_protocol =  [[0, 0, 0, 0, ],]
b_protocol =  [[0, 0, 0, 0, ],]
best_mc_result_fixed_tau =   [0, ]
evolved_state_fixed_tau =   [[0, 0, 0, 0, 0, 0, 0, 0, 0, 0, 0, 0, 0, 0, 0, 0, 0, 0, 0, 0, 0, 0, 0, 0, 0, 0, 0, 0, 0, 0, 0, 0, 0, 0, 0, 0, 0, 0, 0, 0, 0, 0, 0, 0, 0, 0, 0, 0, 0, 0, 0, 0, 0, 0, 0, 0, 0, 0, 0, 0, 0, 0, 0, 0, 0, 0, 0, 0, 0, 0, 0, 0, ],]
