START_PARAMETERS
MAX_STEPS_MCDB =               128
MIN_STEPS_MCDB =               4
STEPS_CRUNCH_MCDB =            1
SWEEPS_MCDB =                  150
GROUND_E =                -0.161678
INITIAL_E =               -0.158406
j_initial =               0.082
k_initial =               0.5
b_initial =               0
j_target =                0.1
k_target =                0.5
b_target =                0
init_target_dot_squared = 0.997574
init_state = [-0.0151375, 0, -0.00660283, 0, -0.0151375, 0, -0.0699311, 0, -0.284028, 0, -0.0151375, 0, -0.284028, 0, -0.110499, 0, -0.284028, 0, -0.110499, 0, -0.0151375, 0, -0.284028, 0, -0.0699311, 0, -0.363606, 0, -0.110499, 0, -0.00660283, 0, -0.0699311, 0, -0.0108558, 0, -0.0699311, 0, -0.284028, 0, -0.0151375, 0, -0.0699311, 0, -0.363606, 0, -0.0699311, 0, -0.284028, 0, -0.110499, 0, -0.284028, 0, -0.0151375, 0, -0.0108558, 0, -0.0699311, 0, -0.00660283, 0, -0.0151375, 0, -0.284028, 0, -0.0699311, 0, -0.00660283, 0, -0.0151375, 0, ]
target_state = [-0.0179628, 0, -0.00914994, 0, -0.0179628, 0, -0.0809333, 0, -0.279387, 0, -0.0179628, 0, -0.279387, 0, -0.126957, 0, -0.279387, 0, -0.126957, 0, -0.0179628, 0, -0.279387, 0, -0.0809333, 0, -0.357284, 0, -0.126957, 0, -0.00914994, 0, -0.0809333, 0, -0.014976, 0, -0.0809333, 0, -0.279387, 0, -0.0179628, 0, -0.0809333, 0, -0.357284, 0, -0.0809333, 0, -0.279387, 0, -0.126957, 0, -0.279387, 0, -0.0179628, 0, -0.014976, 0, -0.0809333, 0, -0.00914994, 0, -0.0179628, 0, -0.279387, 0, -0.0809333, 0, -0.00914994, 0, -0.0179628, 0, ]
USE_ENERGY_DISTANCE =     false
PERIODIC =                false
UNIFORM_SITES =           true
DEVICE_DIMENSION =        2
MAX_PARAM =               1
MIN_PARAM =               0
MIN_PARAM =               0
DIAG =                    true
NUM_SEEDS =               1
DISTANCE_LIMIT =          0.01
TAU_INIT =                0.1
MAX_TAU =                 3
TAU_SCALAR =              1.15
TAU_SCALAR_TINY =         1.05
TAU_SCALAR_BIG =          1.3
ACCEPTANCE_PROB =         0.55
TEMP_EXP_DECAY =          0.9
MIN_TEMP_FRACTION =       0.01
TEMP_DECAY_ITERATIONS =   44
ZERO_TEMP_ITREATIONS =    15
RANDOM_STATES =           4
INIT_OVERLAP_LIMIT =      0.99999
END_PARAMETERS
##############################################################################
clock_duration  =         9.88131e-324
tau =                     0
total_steps =             4
time_step =               0.025
best_mc_result =          0
evolved_target_dot_squared =  0
best_evolved_state = [0, 0, 0, 0, 0, 0, 0, 0, 0, 0, 0, 0, 0, 0, 0, 0, 0, 0, 0, 0, 0, 0, 0, 0, 0, 0, 0, 0, 0, 0, 0, 0, 0, 0, 0, 0, 0, 0, 0, 0, 0, 0, 0, 0, 0, 0, 0, 0, 0, 0, 0, 0, 0, 0, 0, 0, 0, 0, 0, 0, 0, 0, 0, 0, 0, 0, 0, 0, 0, 0, 0, 0, ]
distance =          0
j_protocol =  [[0, 0, 0, 0, ],]
k_protocol =  [[0, 0, 0, 0, ],]
b_protocol =  [[0, 0, 0, 0, ],]
best_mc_result_fixed_tau =   [0, ]
evolved_state_fixed_tau =   [[0, 0, 0, 0, 0, 0, 0, 0, 0, 0, 0, 0, 0, 0, 0, 0, 0, 0, 0, 0, 0, 0, 0, 0, 0, 0, 0, 0, 0, 0, 0, 0, 0, 0, 0, 0, 0, 0, 0, 0, 0, 0, 0, 0, 0, 0, 0, 0, 0, 0, 0, 0, 0, 0, 0, 0, 0, 0, 0, 0, 0, 0, 0, 0, 0, 0, 0, 0, 0, 0, 0, 0, ],]
