START_PARAMETERS
MAX_STEPS_MCDB =               128
MIN_STEPS_MCDB =               4
STEPS_CRUNCH_MCDB =            1
SWEEPS_MCDB =                  150
GROUND_E =                -2.34822
INITIAL_E =               -2.33763
j_initial =               0.452
k_initial =               0.5
b_initial =               0
j_target =                0.61
k_target =                0.5
b_target =                0
init_target_dot_squared = 0.997519
init_state = [0.0503721, 0, 0.0506853, 0, 0.0503721, 0, 0.152104, 0, 0.231603, 0, 0.0503721, 0, 0.231603, 0, 0.210328, 0, 0.231603, 0, 0.210328, 0, 0.0503721, 0, 0.231603, 0, 0.152104, 0, 0.28868, 0, 0.210328, 0, 0.0506853, 0, 0.152104, 0, 0.0761515, 0, 0.152104, 0, 0.231603, 0, 0.0503721, 0, 0.152104, 0, 0.28868, 0, 0.152104, 0, 0.231603, 0, 0.210328, 0, 0.231603, 0, 0.0503721, 0, 0.0761515, 0, 0.152104, 0, 0.0506853, 0, 0.0503721, 0, 0.231603, 0, 0.152104, 0, 0.0506853, 0, 0.0503721, 0, ]
target_state = [0.0581061, 0, 0.0610765, 0, 0.0581061, 0, 0.159577, 0, 0.224186, 0, 0.0581061, 0, 0.224186, 0, 0.213823, 0, 0.224186, 0, 0.213823, 0, 0.0581061, 0, 0.224186, 0, 0.159577, 0, 0.276905, 0, 0.213823, 0, 0.0610765, 0, 0.159577, 0, 0.0895468, 0, 0.159577, 0, 0.224186, 0, 0.0581061, 0, 0.159577, 0, 0.276905, 0, 0.159577, 0, 0.224186, 0, 0.213823, 0, 0.224186, 0, 0.0581061, 0, 0.0895468, 0, 0.159577, 0, 0.0610765, 0, 0.0581061, 0, 0.224186, 0, 0.159577, 0, 0.0610765, 0, 0.0581061, 0, ]
USE_ENERGY_DISTANCE =     false
PERIODIC =                false
UNIFORM_SITES =           true
DEVICE_DIMENSION =        2
MAX_PARAM =               1
MIN_PARAM =               0
MIN_PARAM =               0
DIAG =                    true
NUM_SEEDS =               1
DISTANCE_LIMIT =          0.01
TAU_INIT =                0.1
MAX_TAU =                 3
TAU_SCALAR =              1.15
TAU_SCALAR_TINY =         1.05
TAU_SCALAR_BIG =          1.3
ACCEPTANCE_PROB =         0.55
TEMP_EXP_DECAY =          0.9
MIN_TEMP_FRACTION =       0.01
TEMP_DECAY_ITERATIONS =   44
ZERO_TEMP_ITREATIONS =    15
RANDOM_STATES =           4
INIT_OVERLAP_LIMIT =      0.99999
END_PARAMETERS
##############################################################################
clock_duration  =         9.88131e-324
tau =                     0
total_steps =             4
time_step =               0.025
best_mc_result =          0
evolved_target_dot_squared =  0
best_evolved_state = [0, 0, 0, 0, 0, 0, 0, 0, 0, 0, 0, 0, 0, 0, 0, 0, 0, 0, 0, 0, 0, 0, 0, 0, 0, 0, 0, 0, 0, 0, 0, 0, 0, 0, 0, 0, 0, 0, 0, 0, 0, 0, 0, 0, 0, 0, 0, 0, 0, 0, 0, 0, 0, 0, 0, 0, 0, 0, 0, 0, 0, 0, 0, 0, 0, 0, 0, 0, 0, 0, 0, 0, ]
distance =          0
j_protocol =  [[0, 0, 0, 0, ],]
k_protocol =  [[0, 0, 0, 0, ],]
b_protocol =  [[0, 0, 0, 0, ],]
best_mc_result_fixed_tau =   [0, ]
evolved_state_fixed_tau =   [[0, 0, 0, 0, 0, 0, 0, 0, 0, 0, 0, 0, 0, 0, 0, 0, 0, 0, 0, 0, 0, 0, 0, 0, 0, 0, 0, 0, 0, 0, 0, 0, 0, 0, 0, 0, 0, 0, 0, 0, 0, 0, 0, 0, 0, 0, 0, 0, 0, 0, 0, 0, 0, 0, 0, 0, 0, 0, 0, 0, 0, 0, 0, 0, 0, 0, 0, 0, 0, 0, 0, 0, ],]
