START_PARAMETERS
MAX_STEPS_MCDB =               128
MIN_STEPS_MCDB =               4
STEPS_CRUNCH_MCDB =            1
SWEEPS_MCDB =                  150
GROUND_E =                -0.077577
INITIAL_E =               -0.0714317
j_initial =               0.091
k_initial =               0.5
b_initial =               0
j_target =                0.067
k_target =                0.5
b_target =                0
init_target_dot_squared = 0.994849
init_state = [0.0165744, 0, 0.00785491, 0, 0.0165744, 0, 0.0756348, 0, 0.281709, 0, 0.0165744, 0, 0.281709, 0, 0.119087, 0, 0.281709, 0, 0.119087, 0, 0.0165744, 0, 0.281709, 0, 0.0756348, 0, 0.360451, 0, 0.119087, 0, 0.00785491, 0, 0.0756348, 0, 0.012886, 0, 0.0756348, 0, 0.281709, 0, 0.0165744, 0, 0.0756348, 0, 0.360451, 0, 0.0756348, 0, 0.281709, 0, 0.119087, 0, 0.281709, 0, 0.0165744, 0, 0.012886, 0, 0.0756348, 0, 0.00785491, 0, 0.0165744, 0, 0.281709, 0, 0.0756348, 0, 0.00785491, 0, 0.0165744, 0, ]
target_state = [0.012632, 0, 0.00465106, 0, 0.012632, 0, 0.0594794, 0, 0.287793, 0, 0.012632, 0, 0.287793, 0, 0.0945011, 0, 0.287793, 0, 0.0945011, 0, 0.012632, 0, 0.287793, 0, 0.0594794, 0, 0.368713, 0, 0.0945011, 0, 0.00465106, 0, 0.0594794, 0, 0.00767263, 0, 0.0594794, 0, 0.287793, 0, 0.012632, 0, 0.0594794, 0, 0.368713, 0, 0.0594794, 0, 0.287793, 0, 0.0945011, 0, 0.287793, 0, 0.012632, 0, 0.00767263, 0, 0.0594794, 0, 0.00465106, 0, 0.012632, 0, 0.287793, 0, 0.0594794, 0, 0.00465106, 0, 0.012632, 0, ]
USE_ENERGY_DISTANCE =     false
PERIODIC =                false
UNIFORM_SITES =           true
DEVICE_DIMENSION =        2
MAX_PARAM =               1
MIN_PARAM =               0
MIN_PARAM =               0
DIAG =                    true
NUM_SEEDS =               1
DISTANCE_LIMIT =          0.01
TAU_INIT =                0.1
MAX_TAU =                 3
TAU_SCALAR =              1.15
TAU_SCALAR_TINY =         1.05
TAU_SCALAR_BIG =          1.3
ACCEPTANCE_PROB =         0.55
TEMP_EXP_DECAY =          0.9
MIN_TEMP_FRACTION =       0.01
TEMP_DECAY_ITERATIONS =   44
ZERO_TEMP_ITREATIONS =    15
RANDOM_STATES =           4
INIT_OVERLAP_LIMIT =      0.99999
END_PARAMETERS
##############################################################################
clock_duration  =         9.88131e-324
tau =                     0
total_steps =             4
time_step =               0.025
best_mc_result =          0
evolved_target_dot_squared =  0
best_evolved_state = [0, 0, 0, 0, 0, 0, 0, 0, 0, 0, 0, 0, 0, 0, 0, 0, 0, 0, 0, 0, 0, 0, 0, 0, 0, 0, 0, 0, 0, 0, 0, 0, 0, 0, 0, 0, 0, 0, 0, 0, 0, 0, 0, 0, 0, 0, 0, 0, 0, 0, 0, 0, 0, 0, 0, 0, 0, 0, 0, 0, 0, 0, 0, 0, 0, 0, 0, 0, 0, 0, 0, 0, ]
distance =          0
j_protocol =  [[0, 0, 0, 0, ],]
k_protocol =  [[0, 0, 0, 0, ],]
b_protocol =  [[0, 0, 0, 0, ],]
best_mc_result_fixed_tau =   [0, ]
evolved_state_fixed_tau =   [[0, 0, 0, 0, 0, 0, 0, 0, 0, 0, 0, 0, 0, 0, 0, 0, 0, 0, 0, 0, 0, 0, 0, 0, 0, 0, 0, 0, 0, 0, 0, 0, 0, 0, 0, 0, 0, 0, 0, 0, 0, 0, 0, 0, 0, 0, 0, 0, 0, 0, 0, 0, 0, 0, 0, 0, 0, 0, 0, 0, 0, 0, 0, 0, 0, 0, 0, 0, 0, 0, 0, 0, ],]
