START_PARAMETERS
MAX_STEPS_MCDB =               128
MIN_STEPS_MCDB =               4
STEPS_CRUNCH_MCDB =            1
SWEEPS_MCDB =                  150
GROUND_E =                -2.41786
INITIAL_E =               -2.41786
j_initial =               0.51
k_initial =               0.062
b_initial =               0
j_target =                0.51
k_target =                0.062
b_target =                0
init_target_dot_squared = 1
init_state = [0.0921419, 0, 0.102368, 0, 0.0921419, 0, 0.175407, 0, 0.200839, 0, 0.0921419, 0, 0.200839, 0, 0.208529, 0, 0.200839, 0, 0.208529, 0, 0.0921419, 0, 0.200839, 0, 0.175407, 0, 0.235965, 0, 0.208529, 0, 0.102368, 0, 0.175407, 0, 0.134227, 0, 0.175407, 0, 0.200839, 0, 0.0921419, 0, 0.175407, 0, 0.235965, 0, 0.175407, 0, 0.200839, 0, 0.208529, 0, 0.200839, 0, 0.0921419, 0, 0.134227, 0, 0.175407, 0, 0.102368, 0, 0.0921419, 0, 0.200839, 0, 0.175407, 0, 0.102368, 0, 0.0921419, 0, ]
target_state = [0.0921419, 0, 0.102368, 0, 0.0921419, 0, 0.175407, 0, 0.200839, 0, 0.0921419, 0, 0.200839, 0, 0.208529, 0, 0.200839, 0, 0.208529, 0, 0.0921419, 0, 0.200839, 0, 0.175407, 0, 0.235965, 0, 0.208529, 0, 0.102368, 0, 0.175407, 0, 0.134227, 0, 0.175407, 0, 0.200839, 0, 0.0921419, 0, 0.175407, 0, 0.235965, 0, 0.175407, 0, 0.200839, 0, 0.208529, 0, 0.200839, 0, 0.0921419, 0, 0.134227, 0, 0.175407, 0, 0.102368, 0, 0.0921419, 0, 0.200839, 0, 0.175407, 0, 0.102368, 0, 0.0921419, 0, ]
USE_ENERGY_DISTANCE =     false
PERIODIC =                false
UNIFORM_SITES =           true
DEVICE_DIMENSION =        2
MAX_PARAM =               1
MIN_PARAM =               0
MIN_PARAM =               0
DIAG =                    true
NUM_SEEDS =               1
DISTANCE_LIMIT =          0.01
TAU_INIT =                0.1
MAX_TAU =                 3
TAU_SCALAR =              1.15
TAU_SCALAR_TINY =         1.05
TAU_SCALAR_BIG =          1.3
ACCEPTANCE_PROB =         0.55
TEMP_EXP_DECAY =          0.9
MIN_TEMP_FRACTION =       0.01
TEMP_DECAY_ITERATIONS =   44
ZERO_TEMP_ITREATIONS =    15
RANDOM_STATES =           4
INIT_OVERLAP_LIMIT =      0.99999
END_PARAMETERS
##############################################################################
clock_duration  =         9.88131e-324
tau =                     0
total_steps =             4
time_step =               0.025
best_mc_result =          0
evolved_target_dot_squared =  0
best_evolved_state = [0, 0, 0, 0, 0, 0, 0, 0, 0, 0, 0, 0, 0, 0, 0, 0, 0, 0, 0, 0, 0, 0, 0, 0, 0, 0, 0, 0, 0, 0, 0, 0, 0, 0, 0, 0, 0, 0, 0, 0, 0, 0, 0, 0, 0, 0, 0, 0, 0, 0, 0, 0, 0, 0, 0, 0, 0, 0, 0, 0, 0, 0, 0, 0, 0, 0, 0, 0, 0, 0, 0, 0, ]
distance =          0
j_protocol =  [[0, 0, 0, 0, ],]
k_protocol =  [[0, 0, 0, 0, ],]
b_protocol =  [[0, 0, 0, 0, ],]
best_mc_result_fixed_tau =   [0, ]
evolved_state_fixed_tau =   [[0, 0, 0, 0, 0, 0, 0, 0, 0, 0, 0, 0, 0, 0, 0, 0, 0, 0, 0, 0, 0, 0, 0, 0, 0, 0, 0, 0, 0, 0, 0, 0, 0, 0, 0, 0, 0, 0, 0, 0, 0, 0, 0, 0, 0, 0, 0, 0, 0, 0, 0, 0, 0, 0, 0, 0, 0, 0, 0, 0, 0, 0, 0, 0, 0, 0, 0, 0, 0, 0, 0, 0, ],]
