START_PARAMETERS
MAX_TAU_ADIA =             200
TOTAL_STEPS_ADIA =             100
GROUND_E =                -2.34822
INITIAL_E =               -2.32837
j_initial =               0.409
k_initial =               0.5
b_initial =               0
j_target =                0.61
k_target =                0.5
b_target =                0
init_target_dot_squared = 0.995387
init_state = [0.0477954, 0, 0.0471681, 0, 0.0477954, 0, 0.149103, 0, 0.234362, 0, 0.0477954, 0, 0.234362, 0, 0.208407, 0, 0.234362, 0, 0.208407, 0, 0.0477954, 0, 0.234362, 0, 0.149103, 0, 0.292941, 0, 0.208407, 0, 0.0471681, 0, 0.149103, 0, 0.0714369, 0, 0.149103, 0, 0.234362, 0, 0.0477954, 0, 0.149103, 0, 0.292941, 0, 0.149103, 0, 0.234362, 0, 0.208407, 0, 0.234362, 0, 0.0477954, 0, 0.0714369, 0, 0.149103, 0, 0.0471681, 0, 0.0477954, 0, 0.234362, 0, 0.149103, 0, 0.0471681, 0, 0.0477954, 0, ]
target_state = [0.0581061, 0, 0.0610765, 0, 0.0581061, 0, 0.159577, 0, 0.224186, 0, 0.0581061, 0, 0.224186, 0, 0.213823, 0, 0.224186, 0, 0.213823, 0, 0.0581061, 0, 0.224186, 0, 0.159577, 0, 0.276905, 0, 0.213823, 0, 0.0610765, 0, 0.159577, 0, 0.0895468, 0, 0.159577, 0, 0.224186, 0, 0.0581061, 0, 0.159577, 0, 0.276905, 0, 0.159577, 0, 0.224186, 0, 0.213823, 0, 0.224186, 0, 0.0581061, 0, 0.0895468, 0, 0.159577, 0, 0.0610765, 0, 0.0581061, 0, 0.224186, 0, 0.159577, 0, 0.0610765, 0, 0.0581061, 0, ]
USE_ENERGY_DISTANCE =     false
PERIODIC =                false
UNIFORM_SITES =           true
DEVICE_DIMENSION =        2
MAX_PARAM =               1
MIN_PARAM =               0
MIN_PARAM =               0
DIAG =                    false
NUM_SEEDS =               1
DISTANCE_LIMIT =          0.005
TAU_INIT =                0.05
MAX_TAU =                 3
TAU_SCALAR =              1.1
TAU_SCALAR_TINY =         1.05
TAU_SCALAR_BIG =          1.2
ACCEPTANCE_PROB =         0.85
TEMP_EXP_DECAY =          0.8
TEMP_DECAY_ITERATIONS =   20
TEMP_DECAY_LIMIT =        5
RANDOM_STATES =           3
INIT_OVERLAP_LIMIT =      0.99999
END_PARAMETERS
##############################################################################
tau =               0
total_steps =       0
time_step  =        1.14606e-310
best_mc_result  =           0
evolved_target_dot_squared =   0
best_evolved_state = [0, 0, 0, 0, 0, 0, 0, 0, 0, 0, 0, 0, 0, 0, 0, 0, 0, 0, 0, 0, 0, 0, 0, 0, 0, 0, 0, 0, 0, 0, 0, 0, 0, 0, 0, 0, 0, 0, 0, 0, 0, 0, 0, 0, 0, 0, 0, 0, 0, 0, 0, 0, 0, 0, 0, 0, 0, 0, 0, 0, 0, 0, 0, 0, 0, 0, 0, 0, 0, 0, 0, 0, ]
distance  =         0
clock_duration  =         4.68214e-310
