START_PARAMETERS
MAX_TAU_ADIA =             200
TOTAL_STEPS_ADIA =             100
GROUND_E =                -0.0105383
INITIAL_E =               -0.00771952
j_initial =               0.037
k_initial =               0.5
b_initial =               0
j_target =                0.024
k_target =                0.5
b_target =                0
init_target_dot_squared = 0.997334
init_state = [0.00721616, 0, 0.00154355, 0, 0.00721616, 0, 0.0350174, 0, 0.294188, 0, 0.00721616, 0, 0.294188, 0, 0.0561135, 0, 0.294188, 0, 0.0561135, 0, 0.00721616, 0, 0.294188, 0, 0.0350174, 0, 0.37735, 0, 0.0561135, 0, 0.00154355, 0, 0.0350174, 0, 0.00255962, 0, 0.0350174, 0, 0.294188, 0, 0.00721616, 0, 0.0350174, 0, 0.37735, 0, 0.0350174, 0, 0.294188, 0, 0.0561135, 0, 0.294188, 0, 0.00721616, 0, 0.00255962, 0, 0.0350174, 0, 0.00154355, 0, 0.00721616, 0, 0.294188, 0, 0.0350174, 0, 0.00154355, 0, 0.00721616, 0, ]
target_state = [-0.00472615, 0, -0.000665017, 0, -0.00472615, 0, -0.0231289, 0, -0.29609, 0, -0.00472615, 0, -0.29609, 0, -0.037151, 0, -0.29609, 0, -0.037151, 0, -0.00472615, 0, -0.29609, 0, -0.0231289, 0, -0.379911, 0, -0.037151, 0, -0.000665017, 0, -0.0231289, 0, -0.00110437, 0, -0.0231289, 0, -0.29609, 0, -0.00472615, 0, -0.0231289, 0, -0.379911, 0, -0.0231289, 0, -0.29609, 0, -0.037151, 0, -0.29609, 0, -0.00472615, 0, -0.00110437, 0, -0.0231289, 0, -0.000665017, 0, -0.00472615, 0, -0.29609, 0, -0.0231289, 0, -0.000665017, 0, -0.00472615, 0, ]
USE_ENERGY_DISTANCE =     false
PERIODIC =                false
UNIFORM_SITES =           true
DEVICE_DIMENSION =        2
MAX_PARAM =               1
MIN_PARAM =               0
MIN_PARAM =               0
DIAG =                    false
NUM_SEEDS =               1
DISTANCE_LIMIT =          0.005
TAU_INIT =                0.05
MAX_TAU =                 3
TAU_SCALAR =              1.1
TAU_SCALAR_TINY =         1.05
TAU_SCALAR_BIG =          1.2
ACCEPTANCE_PROB =         0.85
TEMP_EXP_DECAY =          0.8
TEMP_DECAY_ITERATIONS =   20
TEMP_DECAY_LIMIT =        5
RANDOM_STATES =           3
INIT_OVERLAP_LIMIT =      0.99999
END_PARAMETERS
##############################################################################
tau =               0
total_steps =       0
time_step  =        1.12481e-310
best_mc_result  =           0
evolved_target_dot_squared =   0
best_evolved_state = [0, 0, 0, 0, 0, 0, 0, 0, 0, 0, 0, 0, 0, 0, 0, 0, 0, 0, 0, 0, 0, 0, 0, 0, 0, 0, 0, 0, 0, 0, 0, 0, 0, 0, 0, 0, 0, 0, 0, 0, 0, 0, 0, 0, 0, 0, 0, 0, 0, 0, 0, 0, 0, 0, 0, 0, 0, 0, 0, 0, 0, 0, 0, 0, 0, 0, 0, 0, 0, 0, 0, 0, ]
distance  =         0
clock_duration  =         4.64331e-310
