START_PARAMETERS
MAX_TAU_ADIA =             200
TOTAL_STEPS_ADIA =             100
GROUND_E =                -2.68415
INITIAL_E =               -2.68373
j_initial =               0.841
k_initial =               0.062
b_initial =               0
j_target =                0.564
k_target =                0.062
b_target =                0
init_target_dot_squared = 0.999842
init_state = [-0.0958398, 0, -0.106378, 0, -0.0958398, 0, -0.176044, 0, -0.198827, 0, -0.0958398, 0, -0.198827, 0, -0.206968, 0, -0.198827, 0, -0.206968, 0, -0.0958398, 0, -0.198827, 0, -0.176044, 0, -0.232129, 0, -0.206968, 0, -0.106378, 0, -0.176044, 0, -0.137758, 0, -0.176044, 0, -0.198827, 0, -0.0958398, 0, -0.176044, 0, -0.232129, 0, -0.176044, 0, -0.198827, 0, -0.206968, 0, -0.198827, 0, -0.0958398, 0, -0.137758, 0, -0.176044, 0, -0.106378, 0, -0.0958398, 0, -0.198827, 0, -0.176044, 0, -0.106378, 0, -0.0958398, 0, ]
target_state = [-0.0930183, 0, -0.103327, 0, -0.0930183, 0, -0.175572, 0, -0.200356, 0, -0.0930183, 0, -0.200356, 0, -0.208169, 0, -0.200356, 0, -0.208169, 0, -0.0930183, 0, -0.200356, 0, -0.175572, 0, -0.235049, 0, -0.208169, 0, -0.103327, 0, -0.175572, 0, -0.135086, 0, -0.175572, 0, -0.200356, 0, -0.0930183, 0, -0.175572, 0, -0.235049, 0, -0.175572, 0, -0.200356, 0, -0.208169, 0, -0.200356, 0, -0.0930183, 0, -0.135086, 0, -0.175572, 0, -0.103327, 0, -0.0930183, 0, -0.200356, 0, -0.175572, 0, -0.103327, 0, -0.0930183, 0, ]
USE_ENERGY_DISTANCE =     false
PERIODIC =                false
UNIFORM_SITES =           true
DEVICE_DIMENSION =        2
MAX_PARAM =               1
MIN_PARAM =               0
MIN_PARAM =               0
DIAG =                    false
NUM_SEEDS =               1
DISTANCE_LIMIT =          0.005
TAU_INIT =                0.05
MAX_TAU =                 3
TAU_SCALAR =              1.1
TAU_SCALAR_TINY =         1.05
TAU_SCALAR_BIG =          1.2
ACCEPTANCE_PROB =         0.85
TEMP_EXP_DECAY =          0.8
TEMP_DECAY_ITERATIONS =   20
TEMP_DECAY_LIMIT =        5
RANDOM_STATES =           3
INIT_OVERLAP_LIMIT =      0.99999
END_PARAMETERS
##############################################################################
tau =               0
total_steps =       0
time_step  =        1.14947e-310
best_mc_result  =           0
evolved_target_dot_squared =   0
best_evolved_state = [0, 0, 0, 0, 0, 0, 0, 0, 0, 0, 0, 0, 0, 0, 0, 0, 0, 0, 0, 0, 0, 0, 0, 0, 0, 0, 0, 0, 0, 0, 0, 0, 0, 0, 0, 0, 0, 0, 0, 0, 0, 0, 0, 0, 0, 0, 0, 0, 0, 0, 0, 0, 0, 0, 0, 0, 0, 0, 0, 0, 0, 0, 0, 0, 0, 0, 0, 0, 0, 0, 0, 0, ]
distance  =         0
clock_duration  =         4.68426e-310
