START_PARAMETERS
MAX_TAU_ADIA =             200
TOTAL_STEPS_ADIA =             100
GROUND_E =                -3.29586
INITIAL_E =               -3.28768
j_initial =               0.506
k_initial =               0.125
b_initial =               0
j_target =                0.688
k_target =                0.062
b_target =                0
init_target_dot_squared = 0.997457
init_state = [0.0835548, 0, 0.0926971, 0, 0.0835548, 0, 0.173277, 0, 0.205794, 0, 0.0835548, 0, 0.205794, 0, 0.211676, 0, 0.205794, 0, 0.211676, 0, 0.0835548, 0, 0.205794, 0, 0.173277, 0, 0.245205, 0, 0.211676, 0, 0.0926971, 0, 0.173277, 0, 0.12508, 0, 0.173277, 0, 0.205794, 0, 0.0835548, 0, 0.173277, 0, 0.245205, 0, 0.173277, 0, 0.205794, 0, 0.211676, 0, 0.205794, 0, 0.0835548, 0, 0.12508, 0, 0.173277, 0, 0.0926971, 0, 0.0835548, 0, 0.205794, 0, 0.173277, 0, 0.0926971, 0, 0.0835548, 0, ]
target_state = [-0.094544, 0, -0.104983, 0, -0.094544, 0, -0.175838, 0, -0.199524, 0, -0.094544, 0, -0.199524, 0, -0.207527, 0, -0.199524, 0, -0.207527, 0, -0.094544, 0, -0.199524, 0, -0.175838, 0, -0.233464, 0, -0.207527, 0, -0.104983, 0, -0.175838, 0, -0.136548, 0, -0.175838, 0, -0.199524, 0, -0.094544, 0, -0.175838, 0, -0.233464, 0, -0.175838, 0, -0.199524, 0, -0.207527, 0, -0.199524, 0, -0.094544, 0, -0.136548, 0, -0.175838, 0, -0.104983, 0, -0.094544, 0, -0.199524, 0, -0.175838, 0, -0.104983, 0, -0.094544, 0, ]
USE_ENERGY_DISTANCE =     false
PERIODIC =                false
UNIFORM_SITES =           true
DEVICE_DIMENSION =        2
MAX_PARAM =               1
MIN_PARAM =               0
MIN_PARAM =               0
DIAG =                    false
NUM_SEEDS =               1
DISTANCE_LIMIT =          0.005
TAU_INIT =                0.05
MAX_TAU =                 3
TAU_SCALAR =              1.1
TAU_SCALAR_TINY =         1.05
TAU_SCALAR_BIG =          1.2
ACCEPTANCE_PROB =         0.85
TEMP_EXP_DECAY =          0.8
TEMP_DECAY_ITERATIONS =   20
TEMP_DECAY_LIMIT =        5
RANDOM_STATES =           3
INIT_OVERLAP_LIMIT =      0.99999
END_PARAMETERS
##############################################################################
tau =               0
total_steps =       0
time_step  =        1.11258e-310
best_mc_result  =           0
evolved_target_dot_squared =   0
best_evolved_state = [0, 0, 0, 0, 0, 0, 0, 0, 0, 0, 0, 0, 0, 0, 0, 0, 0, 0, 0, 0, 0, 0, 0, 0, 0, 0, 0, 0, 0, 0, 0, 0, 0, 0, 0, 0, 0, 0, 0, 0, 0, 0, 0, 0, 0, 0, 0, 0, 0, 0, 0, 0, 0, 0, 0, 0, 0, 0, 0, 0, 0, 0, 0, 0, 0, 0, 0, 0, 0, 0, 0, 0, ]
distance  =         0
clock_duration  =         4.64515e-310
