START_PARAMETERS
DIAG =                         false
NUM_SEEDS =                    5
DISTANCE_LIMIT_MCBB =          0.01
TAU_INIT_MCBB =                0.05
MAX_TAU_MCBB =                 1
TAU_SCALAR_MCBB =              1.1
MAX_CHANGE_FRACTION_MCBB =     0.8
MIN_CHANGE_FRACTION_MCBB =     0.05
ACCEPTANCE_PROB_MCBB =         0.8
TEMP_EXP_DECAY_MCBB =          0.8
BINARY_SEARCH_TAU_LIMIT_MCBB = 0.01
RANDOM_STATES_MCBB =           3
NUMBER_OF_BANGS =              3
SWEEPS_MCBB =                  200
TEMP_DECAY_ITERATIONS_MCBB =   40
TEMP_DECAY_LIMIT_MCBB =        7
MAX_TAU_STEPS_MCBB =           32
g_initial =        0.1
f_initial =        1
g_targe t =        0.1
f_target =         1
j_initial =        0.1
k_initial =        0.9
b_initial =        0
j_target =         0.1
k_target =         0.9
b_target =         0
PERIODIC =         true
UNIFORM_SITES =    true
DEVICE_DIMENSION = 2
MAX_PARAM =        1
MIN_PARAM =        0
END_PARAMETERS




##############################################################################
##############################################################################
tau =               0.05
best_E =          -6.08719
distance =          -1.75

j_protocol =  [[0.0331337, 0.0331337, 0.0331337, 0.0331337, 0.05, 0.05, ],[0, 0, 0.0217997, 0.0217997, 0.05, 0.05, ],[0.00119993, 0.00119993, 0.0275399, 0.0275399, 0.0421465, 0.0454886, ],[0.00457502, 0.00825185, 0.0299201, 0.0299201, 0.0483244, 0.05, ],[0.00103535, 0.0041684, 0.0274009, 0.0274009, 0.0459683, 0.0459683, ],]
k_protocol = [[0.0128467, 0.0128467, 0.0192434, 0.0192434, 0.0397612, 0.0397612, ],[2.75924e-05, 2.75924e-05, 0.022027, 0.022027, 0.0278611, 0.0278611, ],[0.00322927, 0.00444552, 0.0213404, 0.0444509, 0.0444509, 0.05, ],[0, 0.0101828, 0.0113511, 0.045279, 0.045279, 0.048981, ],[0, 0.00381843, 0.0153978, 0.0241342, 0.0345801, 0.05, ],]
b_protocol = [[0, 0.00640622, 0.00733779, 0.019829, 0.0360162, 0.05, ],[0, 0.00129631, 0.00772133, 0.0210184, 0.0473865, 0.05, ],[0, 0.000937401, 0.00606643, 0.0354074, 0.0446473, 0.05, ],[0, 0.00707321, 0.0273616, 0.0348864, 0.042781, 0.05, ],[0, 0.0181868, 0.0198368, 0.0244206, 0.0435366, 0.05, ],]
j/k/b =   [1, 0, 1, 0, 1, 0, ]
best_E_fixed_tau =   [-6.08719, -6.08719, -6.08719, -6.08719, -6.08719, ]





##############################################################################
##############################################################################
ground_E =          -6.08719
initial_E =          -6.08719

tau_array = [0.05, ]
best_E_array = [-6.08719, ]
j_best =  [[0.0331337, 0.0331337, 0.0331337, 0.0331337, 0.05, 0.05, ],]
k_best =  [[0.0128467, 0.0128467, 0.0192434, 0.0192434, 0.0397612, 0.0397612, ],]
b_best =  [[0, 0.00640622, 0.00733779, 0.019829, 0.0360162, 0.05, ],]

