START_PARAMETERS
DIAG =                         false
NUM_SEEDS =                    5
DISTANCE_LIMIT_MCBB =          0.02
TAU_INIT_MCBB =                0.05
MAX_TAU_MCBB =                 0.7
TAU_SCALAR_MCBB =              1.2
TAU_SCALAR_MCBB_TINY =         1.05
TAU_SCALAR_MCBB_BIG =          1.6
MAX_CHANGE_FRACTION_MCBB =     0.8
MIN_CHANGE_FRACTION_MCBB =     0.01
ACCEPTANCE_PROB_MCBB =         0.8
TEMP_EXP_DECAY_MCBB =          0.8
BINARY_SEARCH_TAU_LIMIT_MCBB = 0.0005
RANDOM_STATES_MCBB =           3
NUMBER_OF_BANGS =              3
SWEEPS_MCBB =                  100
TEMP_DECAY_ITERATIONS_MCBB =   30
TEMP_DECAY_LIMIT_MCBB =        7
MAX_TAU_STEPS_MCBB =           15
MAX_BS_STEPS_MCDB =            9
GROUND_E =                   -6.08719
INITIAL_E =                  -6.08719
g_initial =        0.1
f_initial =        1
g_targe t =        0.1
f_target =         1
j_initial =        0.1
k_initial =        0.9
b_initial =        0
j_target =         0.1
k_target =         0.9
b_target =         0
PERIODIC =         true
UNIFORM_SITES =    true
DEVICE_DIMENSION = 2
MAX_PARAM =        1
MIN_PARAM =        0
END_PARAMETERS
##############################################################################
tau =               0.05
best_E =          -6.08719
distance =          -1.75
j_protocol =  [[0.0466638, 0.0466638, 0.0493251, 0.0493251, 0.0493251, 0.0493251, ],[0, 0, 0.0213914, 0.0213914, 0.0499709, 0.0499709, ],[0.000975347, 0.00125701, 0.0275399, 0.0275399, 0.041466, 0.0453492, ],[0.00458841, 0.00828959, 0.0298778, 0.0298778, 0.0482713, 0.0497619, ],[0.000464475, 0.00423868, 0.0274009, 0.0274009, 0.0459305, 0.0459305, ],]
k_protocol = [[0.0154624, 0.0154624, 0.0249125, 0.0249125, 0.0337679, 0.0337679, ],[0.00389428, 0.00389428, 0.0246621, 0.0246621, 0.0246621, 0.0246621, ],[0.00854345, 0.0152677, 0.017415, 0.039506, 0.04165, 0.05, ],[0, 0.0107854, 0.0107854, 0.0448489, 0.0462791, 0.0479008, ],[0, 0.00385631, 0.0173387, 0.0293523, 0.029826, 0.0475627, ],]
b_protocol = [[0, 0.00640622, 0.00733779, 0.019829, 0.0360162, 0.05, ],[0, 0.00129631, 0.00772133, 0.0210184, 0.0473865, 0.05, ],[0, 0.000937401, 0.00606643, 0.0354074, 0.0446473, 0.05, ],[0, 0.00707321, 0.0273616, 0.0348864, 0.042781, 0.05, ],[0, 0.0181868, 0.0198368, 0.0244206, 0.0435366, 0.05, ],]
j/k/b =   [1, 0, 1, 0, 1, 0, ]
best_E_fixed_tau =   [-6.08719, -6.08719, -6.08719, -6.08719, -6.08718, ]
