START_PARAMETERS
DIAG =                         false
SEED_TOTAL =                   10
DIFFERENCE_LIMIT_MCBB =        0.0001
TAU_INIT_MCBB =                0.005
MAX_TAU_MCBB =                 20
TAU_SCALAR_MCBB =              1.15
CHANGE_FRACTION_MCBB =         0.1
ACCEPTANCE_PROB_MCBB =         0.8
TEMP_EXP_DECAY_MCBB =          0.85
BINARY_SEARCH_TAU_LIMIT_MCBB = 0.0005
RANDOM_STATES_MCBB =           3
NUMBER_OF_BANGS =              12
SWEEPS_MCBB =                  25
TEMP_DECAY_ITERATIONS_MCBB =   20
TEMP_DECAY_LIMIT_MCBB =        10
MAX_TAU_STEPS_MCBB =           60
g_initial =        1
f_initial =        1
g_targe t =        1
f_target =         1
j_initial =        1
k_initial =        0
b_initial =        0
j_target =         1
k_target =         0
b_target =         0
PERIODIC =         true
UNIFORM_SITES =    true
DEVICE_DIMENSION = 2
MAX_PARAM =        1
MIN_PARAM =        0
END_PARAMETERS




##############################################################################
##############################################################################
seed =              1
tau =               0.005
ground_E =          -10.347


j_protocol =  [0, 0.000195274, 0.000296216, 0.000464004, 0.000491734, 0.000701935, 0.000931301, 0.00102226, 0.00114789, 0.00118044, 0.00151166, 0.00156637, 0.00208511, 0.00228602, 0.00269408, 0.00334873, 0.00335234, 0.00335827, 0.00389195, 0.00414573, 0.00438195, 0.00466279, 0.00484131, 0.005, ]
k_protocol = [0, 5.71905e-07, 0.000136938, 0.000425221, 0.000461693, 0.00136525, 0.00193955, 0.00198384, 0.00221726, 0.00279345, 0.00296533, 0.0034261, 0.00346161, 0.00400372, 0.00401379, 0.00423155, 0.0043251, 0.00439071, 0.00456981, 0.00469564, 0.00478945, 0.00498592, 0.0049952, 0.005, ]
b_protocol = [0, 0.000640622, 0.000733779, 0.000849152, 0.000990507, 0.00156712, 0.0017278, 0.0019829, 0.00205894, 0.00208652, 0.00209597, 0.00210554, 0.00215349, 0.00259076, 0.00262274, 0.00267207, 0.00335264, 0.00357985, 0.00360162, 0.00414802, 0.00439059, 0.00447303, 0.0046777, 0.005, ]
j/k/b =   [1, 0, 1, 0, 1, 0, 1, 0, 1, 0, 1, 0, 1, 0, 1, 0, 1, 0, 1, 0, 1, 0, 1, 0, ]

tau_array = [0.005, ]
best_E_array = [-10.346, ]





##############################################################################
##############################################################################
seed =              2
tau =               0.005
ground_E =          -10.347


j_protocol =  [0, 0.000326433, 0.000534728, 0.000580967, 0.000599753, 0.0006358, 0.0006729, 0.00102324, 0.00133414, 0.00160268, 0.00217661, 0.00217997, 0.00233894, 0.00234337, 0.00273104, 0.00282883, 0.00288654, 0.00293398, 0.00392668, 0.00409113, 0.00423281, 0.0046577, 0.00484816, 0.005, ]
k_protocol = [0, 0.000482655, 0.000884923, 0.000922199, 0.00092541, 0.00113006, 0.00129249, 0.00143934, 0.00149827, 0.00165167, 0.00174913, 0.00183736, 0.00242375, 0.00247118, 0.00247145, 0.00249281, 0.00252623, 0.00264571, 0.00274831, 0.00316369, 0.00320203, 0.00349431, 0.00383746, 0.005, ]
b_protocol = [0, 0.000129631, 0.000398227, 0.000772133, 0.000839117, 0.000908635, 0.00100872, 0.00110153, 0.00110918, 0.00148509, 0.00203654, 0.00210184, 0.00214061, 0.00242588, 0.00256789, 0.00298373, 0.00309635, 0.00310567, 0.00327133, 0.00341513, 0.00359877, 0.00426988, 0.00473865, 0.005, ]
j/k/b =   [1, 0, 1, 0, 1, 0, 1, 0, 1, 0, 1, 0, 1, 0, 1, 0, 1, 0, 1, 0, 1, 0, 1, 0, ]

tau_array = [0.005, ]
best_E_array = [-10.3461, ]

