START_PARAMETERS
MAX_STEPS_MCDB =               32
MIN_STEPS_MCDB =               4
STEPS_CRUNCH_MCDB =            1
SWEEPS_MCDB =                  50
TOTAL_STEP_CHANGES =                  6
MCBB_SECONDARY =                  1
SWEEPS_MCBB_SECONDARY =                  100
NUMBER_OF_BANGS =                  4
GROUND_E =                -3.91217
INITIAL_E =               -3.84806
j_initial =               0.563
k_initial =               0.5
b_initial =               0
j_target =                0.967
k_target =                0.5
b_target =                0
init_target_dot_squared = 0.988993
init_state = [-0.241916, 0, -0.618832, 0, -0.241916, 0, -0.241916, 0, -0.618832, 0, -0.241916, 0, ]
target_state = [0.28649, 0, 0.579523, 0, 0.28649, 0, 0.28649, 0, 0.579523, 0, 0.28649, 0, ]
USE_ENERGY_DISTANCE =     false
PERIODIC =                false
UNIFORM_SITES =           true
DEVICE_DIMENSION =        2
MAX_PARAM =               1
MIN_PARAM =               0
MIN_PARAM =               0
DIAG =                    true
NUM_SEEDS =               2
NUMBER_OF_BANGS =               4
DISTANCE_LIMIT =          0.01
TAU_INIT =                0.05
MAX_TAU =                 5
TAU_SCALAR =              1.2
TAU_SCALAR_TINY =         1.1
TAU_SCALAR_BIG =          1.4
ACCEPTANCE_PROB =         0.85
TEMP_EXP_DECAY =          0.8
MIN_TEMP_FRACTION =       0.01
TEMP_DECAY_ITERATIONS =   21
ZERO_TEMP_ITREATIONS =    15
RANDOM_STATES =           3
END_PARAMETERS
##############################################################################
clock_duration  =         2.76713
tau =                     0.046875
total_steps =             32
time_step =               0.0015625
best_mc_result =          0.0100496
best_mc_result_non_secondary =          0
evolved_target_dot_squared =  0.98995
distance =          0.912982
j_protocol =  [[0, 0, 0, 0, 0, 0, 0, 0, 0, 0, 0, 0, 0, 0, 0, 0, 0, 0, 0, 0, 0, 0, 0, 0, 0, 0, 0, 0, 0, 0, 0, 0, ],[0, 0, 0, 0, 0, 0, 0, 0, 0, 0, 0, 0, 0, 0, 0, 0, 0, 0, 0, 0, 0, 0, 0, 0, 0, 0, 0, 0, 0, 0, 0, 0, ],]
k_protocol =  [[0, 0, 0, 0, 0, 0, 0, 0, 0, 0, 0, 0, 0, 0, 0, 0, 0, 0, 0, 0, 0, 0, 0, 0, 0, 0, 0, 0, 0, 0, 0, 0, ],[0, 0, 0, 0, 0, 0, 0, 0, 0, 0, 0, 0, 0, 0, 0, 0, 0, 0, 0, 0, 0, 0, 0, 0, 0, 0, 0, 0, 0, 0, 0, 0, ],]
j_protocol_secondary =  [0, 0.0156034, 0.0156034, 0.0323875, 0.0323875, 0.0376955, 0.0401015, 0.0401015, ]
k_protocol_secondary =  [0.00548532, 0.00548532, 0.0151473, 0.0151473, 0.0199821, 0.0211239, 0.0211239, 0.046875, ]
best_evolved_state = [-0.239769, -0.0465163, -0.608449, -0.102391, -0.239769, -0.0465163, -0.239769, -0.0465163, -0.608449, -0.102391, -0.239769, -0.0465163, ]
best_mc_result_fixed_tau =   [0.00992384, 0.00992384, ]
evolved_state_fixed_tau =   [[-0.239713, -0.0481998, -0.607496, -0.106664, -0.239713, -0.0481998, -0.239713, -0.0481998, -0.607496, -0.106664, -0.239713, -0.0481998, ],[-0.239713, -0.0481998, -0.607496, -0.106664, -0.239713, -0.0481998, -0.239713, -0.0481998, -0.607496, -0.106664, -0.239713, -0.0481998, ],]
