START_PARAMETERS
MAX_STEPS_MCDB =               32
MIN_STEPS_MCDB =               4
STEPS_CRUNCH_MCDB =            1
SWEEPS_MCDB =                  50
TOTAL_STEP_CHANGES =                  6
MCBB_SECONDARY =                  1
SWEEPS_MCBB_SECONDARY =                  100
NUMBER_OF_BANGS =                  4
GROUND_E =                -2.17038
INITIAL_E =               -2.14551
j_initial =               0.125
k_initial =               0.5
b_initial =               0
j_target =                0.215
k_target =                0.5
b_target =                0
init_target_dot_squared = 0.989375
init_state = [-0.084551, 0, -0.696923, 0, -0.084551, 0, -0.084551, 0, -0.696923, 0, -0.084551, 0, ]
target_state = [-0.134898, 0, -0.680885, 0, -0.134898, 0, -0.134898, 0, -0.680885, 0, -0.134898, 0, ]
USE_ENERGY_DISTANCE =     false
PERIODIC =                false
UNIFORM_SITES =           true
DEVICE_DIMENSION =        2
MAX_PARAM =               1
MIN_PARAM =               0
MIN_PARAM =               0
DIAG =                    true
NUM_SEEDS =               2
NUMBER_OF_BANGS =               4
DISTANCE_LIMIT =          0.01
TAU_INIT =                0.05
MAX_TAU =                 5
TAU_SCALAR =              1.2
TAU_SCALAR_TINY =         1.1
TAU_SCALAR_BIG =          1.4
ACCEPTANCE_PROB =         0.85
TEMP_EXP_DECAY =          0.8
MIN_TEMP_FRACTION =       0.01
TEMP_DECAY_ITERATIONS =   21
ZERO_TEMP_ITREATIONS =    15
RANDOM_STATES =           3
END_PARAMETERS
##############################################################################
clock_duration  =         5.30732
tau =                     0.04375
total_steps =             32
time_step =               0.0015625
best_mc_result =          0.0100144
best_mc_result_non_secondary =          0
evolved_target_dot_squared =  0.989986
distance =          0.942499
j_protocol =  [[0, 0, 0, 0, 0, 0, 0, 0, 0, 0, 0, 0, 0, 0, 0, 0, 0, 0, 0, 0, 0, 0, 0, 0, 0, 0, 0, 0, 0, 0, 0, 0, ],[0, 0, 0, 0, 0, 0, 0, 0, 0, 0, 0, 0, 0, 0, 0, 0, 0, 0, 0, 0, 0, 0, 0, 0, 0, 0, 0, 0, 0, 0, 0, 0, ],]
k_protocol =  [[0, 0, 0, 0, 0, 0, 0, 0, 0, 0, 0, 0, 0, 0, 0, 0, 0, 0, 0, 0, 0, 0, 0, 0, 0, 0, 0, 0, 0, 0, 0, 0, ],[0, 0, 0, 0, 0, 0, 0, 0, 0, 0, 0, 0, 0, 0, 0, 0, 0, 0, 0, 0, 0, 0, 0, 0, 0, 0, 0, 0, 0, 0, 0, 0, ],]
j_protocol_secondary =  [0, 0.0121426, 0.0121426, 0.0152596, 0.0173763, 0.0173763, 0.021369, 0.021369, ]
k_protocol_secondary =  [0.00121845, 0.00121845, 0.00273438, 0.00273438, 0.00305684, 0.00849325, 0.00849325, 0.04375, ]
best_evolved_state = [-0.0840574, -0.0212548, -0.686333, -0.117952, -0.0840574, -0.0212548, -0.0840574, -0.0212548, -0.686333, -0.117952, -0.0840574, -0.0212548, ]
best_mc_result_fixed_tau =   [0.00984321, 0.00983233, ]
evolved_state_fixed_tau =   [[-0.0838731, -0.0239331, -0.682952, -0.135506, -0.0838731, -0.0239331, -0.0838731, -0.0239331, -0.682952, -0.135506, -0.0838731, -0.0239331, ],[-0.0839002, -0.0239349, -0.682945, -0.135504, -0.0839002, -0.0239349, -0.0839002, -0.0239349, -0.682945, -0.135504, -0.0839002, -0.0239349, ],]
