START_PARAMETERS
MAX_STEPS_MCDB =               32
MIN_STEPS_MCDB =               4
STEPS_CRUNCH_MCDB =            1
SWEEPS_MCDB =                  50
TOTAL_STEP_CHANGES =                  6
MCBB_SECONDARY =                  1
SWEEPS_MCBB_SECONDARY =                  100
NUMBER_OF_BANGS =                  4
GROUND_E =                -3.19143
INITIAL_E =               -3.13562
j_initial =               0.858
k_initial =               0.5
b_initial =               0
j_target =                0.935
k_target =                0.25
b_target =                0
init_target_dot_squared = 0.989632
init_state = [0.278166, 0, 0.587577, 0, 0.278166, 0, 0.278166, 0, 0.587577, 0, 0.278166, 0, ]
target_state = [0.319027, 0, 0.544466, 0, 0.319027, 0, 0.319027, 0, 0.544466, 0, 0.319027, 0, ]
USE_ENERGY_DISTANCE =     false
PERIODIC =                false
UNIFORM_SITES =           true
DEVICE_DIMENSION =        2
MAX_PARAM =               1
MIN_PARAM =               0
MIN_PARAM =               0
DIAG =                    true
NUM_SEEDS =               2
NUMBER_OF_BANGS =               4
DISTANCE_LIMIT =          0.01
TAU_INIT =                0.05
MAX_TAU =                 5
TAU_SCALAR =              1.2
TAU_SCALAR_TINY =         1.1
TAU_SCALAR_BIG =          1.4
ACCEPTANCE_PROB =         0.85
TEMP_EXP_DECAY =          0.8
MIN_TEMP_FRACTION =       0.01
TEMP_DECAY_ITERATIONS =   21
ZERO_TEMP_ITREATIONS =    15
RANDOM_STATES =           3
END_PARAMETERS
##############################################################################
clock_duration  =         3.02929
tau =                     0.03125
total_steps =             32
time_step =               0.0015625
best_mc_result =          0.00999706
best_mc_result_non_secondary =          0
evolved_target_dot_squared =  0.990003
distance =          0.964178
j_protocol =  [[0, 0, 0, 0, 0, 0, 0, 0, 0, 0, 0, 0, 0, 0, 0, 0, 0, 0, 0, 0, 0, 0, 0, 0, 0, 0, 0, 0, 0, 0, 0, 0, ],[0, 0, 0, 0, 0, 0, 0, 0, 0, 0, 0, 0, 0, 0, 0, 0, 0, 0, 0, 0, 0, 0, 0, 0, 0, 0, 0, 0, 0, 0, 0, 0, ],]
k_protocol =  [[0, 0, 0, 0, 0, 0, 0, 0, 0, 0, 0, 0, 0, 0, 0, 0, 0, 0, 0, 0, 0, 0, 0, 0, 0, 0, 0, 0, 0, 0, 0, 0, ],[0, 0, 0, 0, 0, 0, 0, 0, 0, 0, 0, 0, 0, 0, 0, 0, 0, 0, 0, 0, 0, 0, 0, 0, 0, 0, 0, 0, 0, 0, 0, 0, ],]
j_protocol_secondary =  [0, 0.00625136, 0.00625136, 0.0113479, 0.0113479, 0.0170249, 0.0170249, 0.0284451, ]
k_protocol_secondary =  [0.00185352, 0.00185352, 0.0179869, 0.0275355, 0.0275355, 0.0294613, 0.0294613, 0.03125, ]
best_evolved_state = [0.27701, 0.0333774, 0.583418, 0.0626598, 0.27701, 0.0333774, 0.27701, 0.0333774, 0.583418, 0.0626598, 0.27701, 0.0333774, ]
best_mc_result_fixed_tau =   [0.00943498, 0.00943498, ]
evolved_state_fixed_tau =   [[0.275195, 0.0530433, 0.576782, 0.10115, 0.275195, 0.0530433, 0.275195, 0.0530433, 0.576782, 0.10115, 0.275195, 0.0530433, ],[0.275195, 0.0530433, 0.576782, 0.10115, 0.275195, 0.0530433, 0.275195, 0.0530433, 0.576782, 0.10115, 0.275195, 0.0530433, ],]
