START_PARAMETERS
MAX_STEPS_MCDB =               32
MIN_STEPS_MCDB =               4
STEPS_CRUNCH_MCDB =            1
SWEEPS_MCDB =                  50
TOTAL_STEP_CHANGES =                  6
MCBB_SECONDARY =                  1
SWEEPS_MCBB_SECONDARY =                  100
NUMBER_OF_BANGS =                  4
GROUND_E =                -2.3072
INITIAL_E =               -2.27017
j_initial =               0.674
k_initial =               0.5
b_initial =               0
j_target =                0.614
k_target =                0.25
b_target =                0
init_target_dot_squared = 0.989756
init_state = [-0.258716, 0, -0.605088, 0, -0.258716, 0, -0.258716, 0, -0.605088, 0, -0.258716, 0, ]
target_state = [0.300693, 0, 0.564949, 0, 0.300693, 0, 0.300693, 0, 0.564949, 0, 0.300693, 0, ]
USE_ENERGY_DISTANCE =     false
PERIODIC =                false
UNIFORM_SITES =           true
DEVICE_DIMENSION =        2
MAX_PARAM =               1
MIN_PARAM =               0
MIN_PARAM =               0
DIAG =                    true
NUM_SEEDS =               2
NUMBER_OF_BANGS =               4
DISTANCE_LIMIT =          0.01
TAU_INIT =                0.05
MAX_TAU =                 5
TAU_SCALAR =              1.2
TAU_SCALAR_TINY =         1.1
TAU_SCALAR_BIG =          1.4
ACCEPTANCE_PROB =         0.85
TEMP_EXP_DECAY =          0.8
MIN_TEMP_FRACTION =       0.01
TEMP_DECAY_ITERATIONS =   21
ZERO_TEMP_ITREATIONS =    15
RANDOM_STATES =           3
END_PARAMETERS
##############################################################################
clock_duration  =         2.0243
tau =                     0.025
total_steps =             32
time_step =               0.0015625
best_mc_result =          0.00998744
best_mc_result_non_secondary =          0
evolved_target_dot_squared =  0.990013
distance =          0.974945
j_protocol =  [[0, 0, 0, 0, 0, 0, 0, 0, 0, 0, 0, 0, 0, 0, 0, 0, 0, 0, 0, 0, 0, 0, 0, 0, 0, 0, 0, 0, 0, 0, 0, 0, ],[0, 0, 0, 0, 0, 0, 0, 0, 0, 0, 0, 0, 0, 0, 0, 0, 0, 0, 0, 0, 0, 0, 0, 0, 0, 0, 0, 0, 0, 0, 0, 0, ],]
k_protocol =  [[0, 0, 0, 0, 0, 0, 0, 0, 0, 0, 0, 0, 0, 0, 0, 0, 0, 0, 0, 0, 0, 0, 0, 0, 0, 0, 0, 0, 0, 0, 0, 0, ],[0, 0, 0, 0, 0, 0, 0, 0, 0, 0, 0, 0, 0, 0, 0, 0, 0, 0, 0, 0, 0, 0, 0, 0, 0, 0, 0, 0, 0, 0, 0, 0, ],]
j_protocol_secondary =  [0, 0.000327467, 0.000327467, 0.00708086, 0.00708086, 0.0138829, 0.0138829, 0.0213011, ]
k_protocol_secondary =  [0.00126972, 0.00126972, 0.0101272, 0.0101272, 0.0122368, 0.0150434, 0.0150434, 0.025, ]
best_evolved_state = [-0.258048, -0.025755, -0.602249, -0.0528425, -0.258048, -0.025755, -0.258048, -0.025755, -0.602249, -0.0528425, -0.258048, -0.025755, ]
best_mc_result_fixed_tau =   [0.00924399, 0.00924284, ]
evolved_state_fixed_tau =   [[-0.255892, -0.0527437, -0.593668, -0.105041, -0.255892, -0.0527437, -0.255892, -0.0527437, -0.593668, -0.105041, -0.255892, -0.0527437, ],[-0.255745, -0.0527318, -0.593124, -0.108772, -0.255745, -0.0527318, -0.255745, -0.0527318, -0.593124, -0.108772, -0.255745, -0.0527318, ],]
