START_PARAMETERS
MAX_STEPS_MCDB =               32
MIN_STEPS_MCDB =               4
STEPS_CRUNCH_MCDB =            1
SWEEPS_MCDB =                  50
TOTAL_STEP_CHANGES =                  6
MCBB_SECONDARY =                  1
SWEEPS_MCBB_SECONDARY =                  100
NUMBER_OF_BANGS =                  4
GROUND_E =                -2.0739
INITIAL_E =               -2.0346
j_initial =               0.652
k_initial =               0.25
b_initial =               0
j_target =                0.688
k_target =                0.062
b_target =                0
init_target_dot_squared = 0.989921
init_state = [0.303792, 0, 0.561623, 0, 0.303792, 0, 0.303792, 0, 0.561623, 0, 0.303792, 0, ]
target_state = [0.342127, 0, 0.515653, 0, 0.342127, 0, 0.342127, 0, 0.515653, 0, 0.342127, 0, ]
USE_ENERGY_DISTANCE =     false
PERIODIC =                false
UNIFORM_SITES =           true
DEVICE_DIMENSION =        2
MAX_PARAM =               1
MIN_PARAM =               0
MIN_PARAM =               0
DIAG =                    true
NUM_SEEDS =               2
NUMBER_OF_BANGS =               4
DISTANCE_LIMIT =          0.01
TAU_INIT =                0.05
MAX_TAU =                 5
TAU_SCALAR =              1.2
TAU_SCALAR_TINY =         1.1
TAU_SCALAR_BIG =          1.4
ACCEPTANCE_PROB =         0.85
TEMP_EXP_DECAY =          0.8
MIN_TEMP_FRACTION =       0.01
TEMP_DECAY_ITERATIONS =   21
ZERO_TEMP_ITREATIONS =    15
RANDOM_STATES =           3
END_PARAMETERS
##############################################################################
clock_duration  =         2.43306
tau =                     0.0125
total_steps =             32
time_step =               0.0015625
best_mc_result =          0.0100315
best_mc_result_non_secondary =          0
evolved_target_dot_squared =  0.989969
distance =          0.995269
j_protocol =  [[0, 0, 0, 0, 0, 0, 0, 0, 0, 0, 0, 0, 0, 0, 0, 0, 0, 0, 0, 0, 0, 0, 0, 0, 0, 0, 0, 0, 0, 0, 0, 0, ],[0, 0, 0, 0, 0, 0, 0, 0, 0, 0, 0, 0, 0, 0, 0, 0, 0, 0, 0, 0, 0, 0, 0, 0, 0, 0, 0, 0, 0, 0, 0, 0, ],]
k_protocol =  [[0, 0, 0, 0, 0, 0, 0, 0, 0, 0, 0, 0, 0, 0, 0, 0, 0, 0, 0, 0, 0, 0, 0, 0, 0, 0, 0, 0, 0, 0, 0, 0, ],[0, 0, 0, 0, 0, 0, 0, 0, 0, 0, 0, 0, 0, 0, 0, 0, 0, 0, 0, 0, 0, 0, 0, 0, 0, 0, 0, 0, 0, 0, 0, 0, ],]
j_protocol_secondary =  [0, 0.00480927, 0.00480927, 0.00514208, 0.00514208, 0.00980222, 0.00980222, 0.0121956, ]
k_protocol_secondary =  [0.00376208, 0.00376208, 0.00714387, 0.00714387, 0.00793697, 0.00793697, 0.00881638, 0.0125, ]
best_evolved_state = [0.303586, 0.0136953, 0.561038, 0.0230865, 0.303586, 0.0136953, 0.303586, 0.0136953, 0.561038, 0.0230865, 0.303586, 0.0136953, ]
best_mc_result_fixed_tau =   [0.00933362, 0.00933362, ]
evolved_state_fixed_tau =   [[0.300598, 0.054201, 0.552557, 0.0899328, 0.300598, 0.054201, 0.300598, 0.054201, 0.552557, 0.0899328, 0.300598, 0.054201, ],[0.300598, 0.054201, 0.552557, 0.0899328, 0.300598, 0.054201, 0.300598, 0.054201, 0.552557, 0.0899328, 0.300598, 0.054201, ],]
