START_PARAMETERS
MAX_STEPS_MCDB =               32
MIN_STEPS_MCDB =               4
STEPS_CRUNCH_MCDB =            1
SWEEPS_MCDB =                  50
TOTAL_STEP_CHANGES =                  6
MCBB_SECONDARY =                  1
SWEEPS_MCBB_SECONDARY =                  100
NUMBER_OF_BANGS =                  4
GROUND_E =                -1.7614
INITIAL_E =               -1.73005
j_initial =               0.911
k_initial =               0.5
b_initial =               0
j_target =                0.527
k_target =                0.125
b_target =                0
init_target_dot_squared = 0.989629
init_state = [0.282444, 0, 0.583481, 0, 0.282444, 0, 0.282444, 0, 0.583481, 0, 0.282444, 0, ]
target_state = [0.322992, 0, 0.539771, 0, 0.322992, 0, 0.322992, 0, 0.539771, 0, 0.322992, 0, ]
USE_ENERGY_DISTANCE =     false
PERIODIC =                false
UNIFORM_SITES =           true
DEVICE_DIMENSION =        2
MAX_PARAM =               1
MIN_PARAM =               0
MIN_PARAM =               0
DIAG =                    true
NUM_SEEDS =               2
NUMBER_OF_BANGS =               4
DISTANCE_LIMIT =          0.01
TAU_INIT =                0.05
MAX_TAU =                 5
TAU_SCALAR =              1.2
TAU_SCALAR_TINY =         1.1
TAU_SCALAR_BIG =          1.4
ACCEPTANCE_PROB =         0.85
TEMP_EXP_DECAY =          0.8
MIN_TEMP_FRACTION =       0.01
TEMP_DECAY_ITERATIONS =   21
ZERO_TEMP_ITREATIONS =    15
RANDOM_STATES =           3
END_PARAMETERS
##############################################################################
clock_duration  =         2.99548
tau =                     0.03125
total_steps =             32
time_step =               0.0015625
best_mc_result =          0.0100084
best_mc_result_non_secondary =          0
evolved_target_dot_squared =  0.989992
distance =          0.965063
j_protocol =  [[0, 0, 0, 0, 0, 0, 0, 0, 0, 0, 0, 0, 0, 0, 0, 0, 0, 0, 0, 0, 0, 0, 0, 0, 0, 0, 0, 0, 0, 0, 0, 0, ],[0, 0, 0, 0, 0, 0, 0, 0, 0, 0, 0, 0, 0, 0, 0, 0, 0, 0, 0, 0, 0, 0, 0, 0, 0, 0, 0, 0, 0, 0, 0, 0, ],]
k_protocol =  [[0, 0, 0, 0, 0, 0, 0, 0, 0, 0, 0, 0, 0, 0, 0, 0, 0, 0, 0, 0, 0, 0, 0, 0, 0, 0, 0, 0, 0, 0, 0, 0, ],[0, 0, 0, 0, 0, 0, 0, 0, 0, 0, 0, 0, 0, 0, 0, 0, 0, 0, 0, 0, 0, 0, 0, 0, 0, 0, 0, 0, 0, 0, 0, 0, ],]
j_protocol_secondary =  [0, 0.00426549, 0.00426549, 0.0169457, 0.0169457, 0.0219851, 0.0219851, 0.0288258, ]
k_protocol_secondary =  [0.00141413, 0.00141413, 0.0186245, 0.0295582, 0.0295582, 0.0311126, 0.0311126, 0.03125, ]
best_evolved_state = [0.281264, 0.0335877, 0.579393, 0.0618758, 0.281264, 0.0335877, 0.281264, 0.0335877, 0.579393, 0.0618758, 0.281264, 0.0335877, ]
best_mc_result_fixed_tau =   [0.00945808, 0.00946876, ]
evolved_state_fixed_tau =   [[0.279281, 0.0544784, 0.572824, 0.0997052, 0.279281, 0.0544784, 0.279281, 0.0544784, 0.572824, 0.0997052, 0.279281, 0.0544784, ],[0.279258, 0.0544776, 0.572846, 0.0997081, 0.279258, 0.0544776, 0.279258, 0.0544776, 0.572846, 0.0997081, 0.279258, 0.0544776, ],]
