START_PARAMETERS
MAX_STEPS_MCDB =               32
MIN_STEPS_MCDB =               4
STEPS_CRUNCH_MCDB =            1
SWEEPS_MCDB =                  50
TOTAL_STEP_CHANGES =                  6
MCBB_SECONDARY =                  1
SWEEPS_MCBB_SECONDARY =                  100
NUMBER_OF_BANGS =                  4
GROUND_E =                -2.73205
INITIAL_E =               -2.69648
j_initial =               0.808
k_initial =               0.5
b_initial =               0
j_target =                0.5
k_target =                0.5
b_target =                0
init_target_dot_squared = 0.989732
init_state = [-0.273663, 0, -0.591792, 0, -0.273663, 0, -0.273663, 0, -0.591792, 0, -0.273663, 0, ]
target_state = [-0.22985, 0, -0.627963, 0, -0.22985, 0, -0.22985, 0, -0.627963, 0, -0.22985, 0, ]
USE_ENERGY_DISTANCE =     false
PERIODIC =                false
UNIFORM_SITES =           true
DEVICE_DIMENSION =        2
MAX_PARAM =               1
MIN_PARAM =               0
MIN_PARAM =               0
DIAG =                    true
NUM_SEEDS =               2
NUMBER_OF_BANGS =               4
DISTANCE_LIMIT =          0.01
TAU_INIT =                0.05
MAX_TAU =                 5
TAU_SCALAR =              1.2
TAU_SCALAR_TINY =         1.1
TAU_SCALAR_BIG =          1.4
ACCEPTANCE_PROB =         0.85
TEMP_EXP_DECAY =          0.8
MIN_TEMP_FRACTION =       0.01
TEMP_DECAY_ITERATIONS =   21
ZERO_TEMP_ITREATIONS =    15
RANDOM_STATES =           3
END_PARAMETERS
##############################################################################
clock_duration  =         2.21502
tau =                     0.025
total_steps =             32
time_step =               0.0015625
best_mc_result =          0.00999805
best_mc_result_non_secondary =          0
evolved_target_dot_squared =  0.990002
distance =          0.97368
j_protocol =  [[0, 0, 0, 0, 0, 0, 0, 0, 0, 0, 0, 0, 0, 0, 0, 0, 0, 0, 0, 0, 0, 0, 0, 0, 0, 0, 0, 0, 0, 0, 0, 0, ],[0, 0, 0, 0, 0, 0, 0, 0, 0, 0, 0, 0, 0, 0, 0, 0, 0, 0, 0, 0, 0, 0, 0, 0, 0, 0, 0, 0, 0, 0, 0, 0, ],]
k_protocol =  [[0, 0, 0, 0, 0, 0, 0, 0, 0, 0, 0, 0, 0, 0, 0, 0, 0, 0, 0, 0, 0, 0, 0, 0, 0, 0, 0, 0, 0, 0, 0, 0, ],[0, 0, 0, 0, 0, 0, 0, 0, 0, 0, 0, 0, 0, 0, 0, 0, 0, 0, 0, 0, 0, 0, 0, 0, 0, 0, 0, 0, 0, 0, 0, 0, ],]
j_protocol_secondary =  [0.00591049, 0.00699159, 0.00699159, 0.0114647, 0.0114647, 0.0194965, 0.0194965, 0.025, ]
k_protocol_secondary =  [0, 0.00712696, 0.00712696, 0.0124281, 0.0124281, 0.0154503, 0.0184164, 0.0184164, ]
best_evolved_state = [-0.272084, -0.0225454, -0.589602, -0.0573915, -0.272084, -0.0225454, -0.272084, -0.0225454, -0.589602, -0.0573915, -0.272084, -0.0225454, ]
best_mc_result_fixed_tau =   [0.00921205, 0.00921205, ]
evolved_state_fixed_tau =   [[-0.267212, -0.0458289, -0.582684, -0.116079, -0.267212, -0.0458289, -0.267212, -0.0458289, -0.582684, -0.116079, -0.267212, -0.0458289, ],[-0.267212, -0.0458289, -0.582684, -0.116079, -0.267212, -0.0458289, -0.267212, -0.0458289, -0.582684, -0.116079, -0.267212, -0.0458289, ],]
