START_PARAMETERS
MAX_STEPS_MCDB =               32
MIN_STEPS_MCDB =               4
STEPS_CRUNCH_MCDB =            1
SWEEPS_MCDB =                  50
TOTAL_STEP_CHANGES =                  6
MCBB_SECONDARY =                  1
SWEEPS_MCBB_SECONDARY =                  100
NUMBER_OF_BANGS =                  4
GROUND_E =                -2.40315
INITIAL_E =               -2.37376
j_initial =               0.53
k_initial =               0.5
b_initial =               0
j_target =                0.348
k_target =                0.5
b_target =                0
init_target_dot_squared = 0.989528
init_state = [-0.235866, 0, -0.623486, 0, -0.235866, 0, -0.235866, 0, -0.623486, 0, -0.235866, 0, ]
target_state = [-0.189512, 0, -0.654347, 0, -0.189512, 0, -0.189512, 0, -0.654347, 0, -0.189512, 0, ]
USE_ENERGY_DISTANCE =     false
PERIODIC =                false
UNIFORM_SITES =           true
DEVICE_DIMENSION =        2
MAX_PARAM =               1
MIN_PARAM =               0
MIN_PARAM =               0
DIAG =                    true
NUM_SEEDS =               2
NUMBER_OF_BANGS =               4
DISTANCE_LIMIT =          0.01
TAU_INIT =                0.05
MAX_TAU =                 5
TAU_SCALAR =              1.2
TAU_SCALAR_TINY =         1.1
TAU_SCALAR_BIG =          1.4
ACCEPTANCE_PROB =         0.85
TEMP_EXP_DECAY =          0.8
MIN_TEMP_FRACTION =       0.01
TEMP_DECAY_ITERATIONS =   21
ZERO_TEMP_ITREATIONS =    15
RANDOM_STATES =           3
END_PARAMETERS
##############################################################################
clock_duration  =         3.3273
tau =                     0.03125
total_steps =             32
time_step =               0.0015625
best_mc_result =          0.0100505
best_mc_result_non_secondary =          0
evolved_target_dot_squared =  0.98995
distance =          0.959753
j_protocol =  [[0, 0, 0, 0, 0, 0, 0, 0, 0, 0, 0, 0, 0, 0, 0, 0, 0, 0, 0, 0, 0, 0, 0, 0, 0, 0, 0, 0, 0, 0, 0, 0, ],[0, 0, 0, 0, 0, 0, 0, 0, 0, 0, 0, 0, 0, 0, 0, 0, 0, 0, 0, 0, 0, 0, 0, 0, 0, 0, 0, 0, 0, 0, 0, 0, ],]
k_protocol =  [[0, 0, 0, 0, 0, 0, 0, 0, 0, 0, 0, 0, 0, 0, 0, 0, 0, 0, 0, 0, 0, 0, 0, 0, 0, 0, 0, 0, 0, 0, 0, 0, ],[0, 0, 0, 0, 0, 0, 0, 0, 0, 0, 0, 0, 0, 0, 0, 0, 0, 0, 0, 0, 0, 0, 0, 0, 0, 0, 0, 0, 0, 0, 0, 0, ],]
j_protocol_secondary =  [0.00308721, 0.00308721, 0.0033131, 0.0033131, 0.0111827, 0.029881, 0.029881, 0.03125, ]
k_protocol_secondary =  [0, 0.0167845, 0.0167845, 0.0230092, 0.0233479, 0.0233479, 0.0312113, 0.0312113, ]
best_evolved_state = [-0.233535, -0.0249242, -0.619582, -0.0761457, -0.233535, -0.0249242, -0.233535, -0.0249242, -0.619582, -0.0761457, -0.233535, -0.0249242, ]
best_mc_result_fixed_tau =   [0.00941311, 0.00941387, ]
evolved_state_fixed_tau =   [[-0.229765, -0.0404947, -0.613045, -0.123742, -0.229765, -0.0404947, -0.229765, -0.0404947, -0.613045, -0.123742, -0.229765, -0.0404947, ],[-0.2301, -0.0385823, -0.614083, -0.118459, -0.2301, -0.0385823, -0.2301, -0.0385823, -0.614083, -0.118459, -0.2301, -0.0385823, ],]
