START_PARAMETERS
MAX_STEPS_MCDB =               32
MIN_STEPS_MCDB =               4
STEPS_CRUNCH_MCDB =            1
SWEEPS_MCDB =                  50
TOTAL_STEP_CHANGES =                  6
MCBB_SECONDARY =                  1
SWEEPS_MCBB_SECONDARY =                  100
NUMBER_OF_BANGS =                  4
GROUND_E =                -2.91841
INITIAL_E =               -2.85969
j_initial =               0.693
k_initial =               0.25
b_initial =               0
j_target =                0.987
k_target =                0.062
b_target =                0
init_target_dot_squared = 0.989492
init_state = [-0.306763, 0, -0.558385, 0, -0.306763, 0, -0.306763, 0, -0.558385, 0, -0.306763, 0, ]
target_state = [0.34562, 0, 0.510973, 0, 0.34562, 0, 0.34562, 0, 0.510973, 0, 0.34562, 0, ]
USE_ENERGY_DISTANCE =     false
PERIODIC =                false
UNIFORM_SITES =           true
DEVICE_DIMENSION =        2
MAX_PARAM =               1
MIN_PARAM =               0
MIN_PARAM =               0
DIAG =                    true
NUM_SEEDS =               2
NUMBER_OF_BANGS =               4
DISTANCE_LIMIT =          0.01
TAU_INIT =                0.05
MAX_TAU =                 5
TAU_SCALAR =              1.2
TAU_SCALAR_TINY =         1.1
TAU_SCALAR_BIG =          1.4
ACCEPTANCE_PROB =         0.85
TEMP_EXP_DECAY =          0.8
MIN_TEMP_FRACTION =       0.01
TEMP_DECAY_ITERATIONS =   21
ZERO_TEMP_ITREATIONS =    15
RANDOM_STATES =           3
END_PARAMETERS
##############################################################################
clock_duration  =         1.76176
tau =                     0.0375
total_steps =             32
time_step =               0.0015625
best_mc_result =          0.0100895
best_mc_result_non_secondary =          0
evolved_target_dot_squared =  0.98991
distance =          0.960212
j_protocol =  [[0, 0, 0, 0, 0, 0, 0, 0, 0, 0, 0, 0, 0, 0, 0, 0, 0, 0, 0, 0, 0, 0, 0, 0, 0, 0, 0, 0, 0, 0, 0, 0, ],[0, 0, 0, 0, 0, 0, 0, 0, 0, 0, 0, 0, 0, 0, 0, 0, 0, 0, 0, 0, 0, 0, 0, 0, 0, 0, 0, 0, 0, 0, 0, 0, ],]
k_protocol =  [[0, 0, 0, 0, 0, 0, 0, 0, 0, 0, 0, 0, 0, 0, 0, 0, 0, 0, 0, 0, 0, 0, 0, 0, 0, 0, 0, 0, 0, 0, 0, 0, ],[0, 0, 0, 0, 0, 0, 0, 0, 0, 0, 0, 0, 0, 0, 0, 0, 0, 0, 0, 0, 0, 0, 0, 0, 0, 0, 0, 0, 0, 0, 0, 0, ],]
j_protocol_secondary =  [0, 0.00300351, 0.00300351, 0.0150713, 0.0150713, 0.0268141, 0.0268141, 0.0368859, ]
k_protocol_secondary =  [0.0142845, 0.0142845, 0.0191496, 0.0191496, 0.0218299, 0.0218299, 0.027129, 0.0375, ]
best_evolved_state = [-0.304883, -0.0411014, -0.553229, -0.0682038, -0.304883, -0.0411014, -0.304883, -0.0411014, -0.553229, -0.0682038, -0.304883, -0.0411014, ]
best_mc_result_fixed_tau =   [0.00977222, 0.00977222, ]
evolved_state_fixed_tau =   [[-0.303262, -0.055605, -0.548977, -0.0922203, -0.303262, -0.055605, -0.303262, -0.055605, -0.548977, -0.0922203, -0.303262, -0.055605, ],[-0.303262, -0.055605, -0.548977, -0.0922203, -0.303262, -0.055605, -0.303262, -0.055605, -0.548977, -0.0922203, -0.303262, -0.055605, ],]
