START_PARAMETERS
MAX_STEPS_MCDB =               32
MIN_STEPS_MCDB =               4
STEPS_CRUNCH_MCDB =            1
SWEEPS_MCDB =                  50
TOTAL_STEP_CHANGES =                  6
MCBB_SECONDARY =                  1
SWEEPS_MCBB_SECONDARY =                  100
NUMBER_OF_BANGS =                  4
GROUND_E =                -2.73205
INITIAL_E =               -2.69493
j_initial =               0.328
k_initial =               0.5
b_initial =               0
j_target =                0.5
k_target =                0.5
b_target =                0
init_target_dot_squared = 0.989285
init_state = [-0.182653, 0, -0.658237, 0, -0.182653, 0, -0.182653, 0, -0.658237, 0, -0.182653, 0, ]
target_state = [-0.22985, 0, -0.627963, 0, -0.22985, 0, -0.22985, 0, -0.627963, 0, -0.22985, 0, ]
USE_ENERGY_DISTANCE =     false
PERIODIC =                false
UNIFORM_SITES =           true
DEVICE_DIMENSION =        2
MAX_PARAM =               1
MIN_PARAM =               0
MIN_PARAM =               0
DIAG =                    true
NUM_SEEDS =               2
NUMBER_OF_BANGS =               4
DISTANCE_LIMIT =          0.01
TAU_INIT =                0.05
MAX_TAU =                 5
TAU_SCALAR =              1.2
TAU_SCALAR_TINY =         1.1
TAU_SCALAR_BIG =          1.4
ACCEPTANCE_PROB =         0.85
TEMP_EXP_DECAY =          0.8
MIN_TEMP_FRACTION =       0.01
TEMP_DECAY_ITERATIONS =   21
ZERO_TEMP_ITREATIONS =    15
RANDOM_STATES =           3
END_PARAMETERS
##############################################################################
clock_duration  =         3.56824
tau =                     0.040625
total_steps =             32
time_step =               0.0015625
best_mc_result =          0.0100039
best_mc_result_non_secondary =          0
evolved_target_dot_squared =  0.989996
distance =          0.933673
j_protocol =  [[0, 0, 0, 0, 0, 0, 0, 0, 0, 0, 0, 0, 0, 0, 0, 0, 0, 0, 0, 0, 0, 0, 0, 0, 0, 0, 0, 0, 0, 0, 0, 0, ],[0, 0, 0, 0, 0, 0, 0, 0, 0, 0, 0, 0, 0, 0, 0, 0, 0, 0, 0, 0, 0, 0, 0, 0, 0, 0, 0, 0, 0, 0, 0, 0, ],]
k_protocol =  [[0, 0, 0, 0, 0, 0, 0, 0, 0, 0, 0, 0, 0, 0, 0, 0, 0, 0, 0, 0, 0, 0, 0, 0, 0, 0, 0, 0, 0, 0, 0, 0, ],[0, 0, 0, 0, 0, 0, 0, 0, 0, 0, 0, 0, 0, 0, 0, 0, 0, 0, 0, 0, 0, 0, 0, 0, 0, 0, 0, 0, 0, 0, 0, 0, ],]
j_protocol_secondary =  [0, 0.00644135, 0.00644135, 0.0253087, 0.025773, 0.025773, 0.0297493, 0.0297493, ]
k_protocol_secondary =  [0.00601615, 0.00601615, 0.0100253, 0.0189564, 0.0189564, 0.0254263, 0.0254263, 0.040625, ]
best_evolved_state = [-0.181571, -0.0332669, -0.649719, -0.0985692, -0.181571, -0.0332669, -0.181571, -0.0332669, -0.649719, -0.0985692, -0.181571, -0.0332669, ]
best_mc_result_fixed_tau =   [0.00964847, 0.00964847, ]
evolved_state_fixed_tau =   [[-0.181017, -0.0410439, -0.645397, -0.12066, -0.181017, -0.0410439, -0.181017, -0.0410439, -0.645397, -0.12066, -0.181017, -0.0410439, ],[-0.181017, -0.0410439, -0.645397, -0.12066, -0.181017, -0.0410439, -0.181017, -0.0410439, -0.645397, -0.12066, -0.181017, -0.0410439, ],]
