START_PARAMETERS
MAX_STEPS_MCDB =               32
MIN_STEPS_MCDB =               4
STEPS_CRUNCH_MCDB =            1
SWEEPS_MCDB =                  50
TOTAL_STEP_CHANGES =                  6
MCBB_SECONDARY =                  1
SWEEPS_MCBB_SECONDARY =                  100
NUMBER_OF_BANGS =                  4
GROUND_E =                -2.06066
INITIAL_E =               -2.03812
j_initial =               0.215
k_initial =               0.5
b_initial =               0
j_target =                0.125
k_target =                0.5
b_target =                0
init_target_dot_squared = 0.989375
init_state = [-0.134898, 0, -0.680885, 0, -0.134898, 0, -0.134898, 0, -0.680885, 0, -0.134898, 0, ]
target_state = [-0.084551, 0, -0.696923, 0, -0.084551, 0, -0.084551, 0, -0.696923, 0, -0.084551, 0, ]
USE_ENERGY_DISTANCE =     false
PERIODIC =                false
UNIFORM_SITES =           true
DEVICE_DIMENSION =        2
MAX_PARAM =               1
MIN_PARAM =               0
MIN_PARAM =               0
DIAG =                    true
NUM_SEEDS =               2
NUMBER_OF_BANGS =               4
DISTANCE_LIMIT =          0.01
TAU_INIT =                0.05
MAX_TAU =                 5
TAU_SCALAR =              1.2
TAU_SCALAR_TINY =         1.1
TAU_SCALAR_BIG =          1.4
ACCEPTANCE_PROB =         0.85
TEMP_EXP_DECAY =          0.8
MIN_TEMP_FRACTION =       0.01
TEMP_DECAY_ITERATIONS =   21
ZERO_TEMP_ITREATIONS =    15
RANDOM_STATES =           3
END_PARAMETERS
##############################################################################
clock_duration  =         2.07576
tau =                     0.04375
total_steps =             32
time_step =               0.0015625
best_mc_result =          0.0100144
best_mc_result_non_secondary =          0
evolved_target_dot_squared =  0.989986
distance =          0.942499
j_protocol =  [[0, 0, 0, 0, 0, 0, 0, 0, 0, 0, 0, 0, 0, 0, 0, 0, 0, 0, 0, 0, 0, 0, 0, 0, 0, 0, 0, 0, 0, 0, 0, 0, ],[0, 0, 0, 0, 0, 0, 0, 0, 0, 0, 0, 0, 0, 0, 0, 0, 0, 0, 0, 0, 0, 0, 0, 0, 0, 0, 0, 0, 0, 0, 0, 0, ],]
k_protocol =  [[0, 0, 0, 0, 0, 0, 0, 0, 0, 0, 0, 0, 0, 0, 0, 0, 0, 0, 0, 0, 0, 0, 0, 0, 0, 0, 0, 0, 0, 0, 0, 0, ],[0, 0, 0, 0, 0, 0, 0, 0, 0, 0, 0, 0, 0, 0, 0, 0, 0, 0, 0, 0, 0, 0, 0, 0, 0, 0, 0, 0, 0, 0, 0, 0, ],]
j_protocol_secondary =  [0.0142097, 0.0142097, 0.0194683, 0.0194683, 0.028492, 0.0319046, 0.0319046, 0.04375, ]
k_protocol_secondary =  [0, 0.0146379, 0.0146379, 0.0218279, 0.0218279, 0.0258995, 0.0258995, 0.0406966, ]
best_evolved_state = [-0.131807, -0.0205538, -0.671096, -0.118487, -0.131807, -0.0205538, -0.131807, -0.0205538, -0.671096, -0.118487, -0.131807, -0.0205538, ]
best_mc_result_fixed_tau =   [0.00983777, 0.00983233, ]
evolved_state_fixed_tau =   [[-0.130921, -0.0230748, -0.66794, -0.136053, -0.130921, -0.0230748, -0.130921, -0.0230748, -0.66794, -0.136053, -0.130921, -0.0230748, ],[-0.130908, -0.0230732, -0.667945, -0.136053, -0.130908, -0.0230732, -0.130908, -0.0230732, -0.667945, -0.136053, -0.130908, -0.0230732, ],]
