START_PARAMETERS
MAX_STEPS_MCDB =               32
MIN_STEPS_MCDB =               4
STEPS_CRUNCH_MCDB =            1
SWEEPS_MCDB =                  50
TOTAL_STEP_CHANGES =                  6
MCBB_SECONDARY =                  1
SWEEPS_MCBB_SECONDARY =                  100
NUMBER_OF_BANGS =                  4
GROUND_E =                -3.62475
INITIAL_E =               -3.57032
j_initial =               0.935
k_initial =               0.25
b_initial =               0
j_target =                0.858
k_target =                0.5
b_target =                0
init_target_dot_squared = 0.989632
init_state = [0.319027, 0, 0.544466, 0, 0.319027, 0, 0.319027, 0, 0.544466, 0, 0.319027, 0, ]
target_state = [0.278166, 0, 0.587577, 0, 0.278166, 0, 0.278166, 0, 0.587577, 0, 0.278166, 0, ]
USE_ENERGY_DISTANCE =     false
PERIODIC =                false
UNIFORM_SITES =           true
DEVICE_DIMENSION =        2
MAX_PARAM =               1
MIN_PARAM =               0
MIN_PARAM =               0
DIAG =                    true
NUM_SEEDS =               2
NUMBER_OF_BANGS =               4
DISTANCE_LIMIT =          0.01
TAU_INIT =                0.05
MAX_TAU =                 5
TAU_SCALAR =              1.2
TAU_SCALAR_TINY =         1.1
TAU_SCALAR_BIG =          1.4
ACCEPTANCE_PROB =         0.85
TEMP_EXP_DECAY =          0.8
MIN_TEMP_FRACTION =       0.01
TEMP_DECAY_ITERATIONS =   21
ZERO_TEMP_ITREATIONS =    15
RANDOM_STATES =           3
END_PARAMETERS
##############################################################################
clock_duration  =         2.95409
tau =                     0.03125
total_steps =             32
time_step =               0.0015625
best_mc_result =          0.00999706
best_mc_result_non_secondary =          0
evolved_target_dot_squared =  0.990003
distance =          0.964178
j_protocol =  [[0, 0, 0, 0, 0, 0, 0, 0, 0, 0, 0, 0, 0, 0, 0, 0, 0, 0, 0, 0, 0, 0, 0, 0, 0, 0, 0, 0, 0, 0, 0, 0, ],[0, 0, 0, 0, 0, 0, 0, 0, 0, 0, 0, 0, 0, 0, 0, 0, 0, 0, 0, 0, 0, 0, 0, 0, 0, 0, 0, 0, 0, 0, 0, 0, ],]
k_protocol =  [[0, 0, 0, 0, 0, 0, 0, 0, 0, 0, 0, 0, 0, 0, 0, 0, 0, 0, 0, 0, 0, 0, 0, 0, 0, 0, 0, 0, 0, 0, 0, 0, ],[0, 0, 0, 0, 0, 0, 0, 0, 0, 0, 0, 0, 0, 0, 0, 0, 0, 0, 0, 0, 0, 0, 0, 0, 0, 0, 0, 0, 0, 0, 0, 0, ],]
j_protocol_secondary =  [0.00280573, 0.00667851, 0.00667851, 0.0129152, 0.0129152, 0.0147453, 0.0147453, 0.03125, ]
k_protocol_secondary =  [0, 0.0132633, 0.0193602, 0.0193602, 0.0199746, 0.0199746, 0.0261428, 0.0261428, ]
best_evolved_state = [0.316592, 0.0308943, 0.541662, 0.065054, 0.316592, 0.0308943, 0.316592, 0.0308943, 0.541662, 0.065054, 0.316592, 0.0308943, ]
best_mc_result_fixed_tau =   [0.00943498, 0.00943498, ]
evolved_state_fixed_tau =   [[0.31275, 0.0490094, 0.537179, 0.104925, 0.31275, 0.0490094, 0.31275, 0.0490094, 0.537179, 0.104925, 0.31275, 0.0490094, ],[0.31275, 0.0490094, 0.537179, 0.104925, 0.31275, 0.0490094, 0.31275, 0.0490094, 0.537179, 0.104925, 0.31275, 0.0490094, ],]
