START_PARAMETERS
MAX_STEPS_MCDB =               32
MIN_STEPS_MCDB =               4
STEPS_CRUNCH_MCDB =            1
SWEEPS_MCDB =                  50
TOTAL_STEP_CHANGES =                  6
MCBB_SECONDARY =                  1
SWEEPS_MCBB_SECONDARY =                  100
NUMBER_OF_BANGS =                  4
GROUND_E =                -2.66349
INITIAL_E =               -2.62777
j_initial =               0.309
k_initial =               0.5
b_initial =               0
j_target =                0.47
k_target =                0.5
b_target =                0
init_target_dot_squared = 0.989263
init_state = [-0.175729, 0, -0.661996, 0, -0.175729, 0, -0.175729, 0, -0.661996, 0, -0.175729, 0, ]
target_state = [-0.223286, 0, -0.632682, 0, -0.223286, 0, -0.223286, 0, -0.632682, 0, -0.223286, 0, ]
USE_ENERGY_DISTANCE =     false
PERIODIC =                false
UNIFORM_SITES =           true
DEVICE_DIMENSION =        2
MAX_PARAM =               1
MIN_PARAM =               0
MIN_PARAM =               0
DIAG =                    true
NUM_SEEDS =               2
NUMBER_OF_BANGS =               4
DISTANCE_LIMIT =          0.01
TAU_INIT =                0.05
MAX_TAU =                 5
TAU_SCALAR =              1.2
TAU_SCALAR_TINY =         1.1
TAU_SCALAR_BIG =          1.4
ACCEPTANCE_PROB =         0.85
TEMP_EXP_DECAY =          0.8
MIN_TEMP_FRACTION =       0.01
TEMP_DECAY_ITERATIONS =   21
ZERO_TEMP_ITREATIONS =    15
RANDOM_STATES =           3
END_PARAMETERS
##############################################################################
clock_duration  =         2.32945
tau =                     0.04375
total_steps =             32
time_step =               0.0015625
best_mc_result =          0.00992177
best_mc_result_non_secondary =          0
evolved_target_dot_squared =  0.990078
distance =          0.924105
j_protocol =  [[0, 0, 0, 0, 0, 0, 0, 0, 0, 0, 0, 0, 0, 0, 0, 0, 0, 0, 0, 0, 0, 0, 0, 0, 0, 0, 0, 0, 0, 0, 0, 0, ],[0, 0, 0, 0, 0, 0, 0, 0, 0, 0, 0, 0, 0, 0, 0, 0, 0, 0, 0, 0, 0, 0, 0, 0, 0, 0, 0, 0, 0, 0, 0, 0, ],]
k_protocol =  [[0, 0, 0, 0, 0, 0, 0, 0, 0, 0, 0, 0, 0, 0, 0, 0, 0, 0, 0, 0, 0, 0, 0, 0, 0, 0, 0, 0, 0, 0, 0, 0, ],[0, 0, 0, 0, 0, 0, 0, 0, 0, 0, 0, 0, 0, 0, 0, 0, 0, 0, 0, 0, 0, 0, 0, 0, 0, 0, 0, 0, 0, 0, 0, 0, ],]
j_protocol_secondary =  [0, 0.0163694, 0.0163694, 0.0177648, 0.0177648, 0.0263663, 0.0434504, 0.0434504, ]
k_protocol_secondary =  [0.0100708, 0.0147818, 0.0147818, 0.0317475, 0.0317475, 0.0354932, 0.0354932, 0.04375, ]
best_evolved_state = [-0.174538, -0.0348496, -0.652053, -0.107099, -0.174538, -0.0348496, -0.174538, -0.0348496, -0.652053, -0.107099, -0.174538, -0.0348496, ]
best_mc_result_fixed_tau =   [0.00969207, 0.00968131, ]
evolved_state_fixed_tau =   [[-0.174303, -0.0392242, -0.649559, -0.119301, -0.174303, -0.0392242, -0.174303, -0.0392242, -0.649559, -0.119301, -0.174303, -0.0392242, ],[-0.174329, -0.0392268, -0.649546, -0.119297, -0.174329, -0.0392268, -0.174329, -0.0392268, -0.649546, -0.119297, -0.174329, -0.0392268, ],]
