START_PARAMETERS
MAX_STEPS_MCDB =               32
MIN_STEPS_MCDB =               4
STEPS_CRUNCH_MCDB =            1
SWEEPS_MCDB =                  50
TOTAL_STEP_CHANGES =                  6
MCBB_SECONDARY =                  1
SWEEPS_MCBB_SECONDARY =                  100
NUMBER_OF_BANGS =                  4
GROUND_E =                -2.88036
INITIAL_E =               -2.84215
j_initial =               0.37
k_initial =               0.5
b_initial =               0
j_target =                0.563
k_target =                0.5
b_target =                0
init_target_dot_squared = 0.989841
init_state = [-0.196578, 0, -0.650165, 0, -0.196578, 0, -0.196578, 0, -0.650165, 0, -0.196578, 0, ]
target_state = [-0.241916, 0, -0.618832, 0, -0.241916, 0, -0.241916, 0, -0.618832, 0, -0.241916, 0, ]
USE_ENERGY_DISTANCE =     false
PERIODIC =                false
UNIFORM_SITES =           true
DEVICE_DIMENSION =        2
MAX_PARAM =               1
MIN_PARAM =               0
MIN_PARAM =               0
DIAG =                    true
NUM_SEEDS =               2
NUMBER_OF_BANGS =               4
DISTANCE_LIMIT =          0.01
TAU_INIT =                0.05
MAX_TAU =                 5
TAU_SCALAR =              1.2
TAU_SCALAR_TINY =         1.1
TAU_SCALAR_BIG =          1.4
ACCEPTANCE_PROB =         0.85
TEMP_EXP_DECAY =          0.8
MIN_TEMP_FRACTION =       0.01
TEMP_DECAY_ITERATIONS =   21
ZERO_TEMP_ITREATIONS =    15
RANDOM_STATES =           3
END_PARAMETERS
##############################################################################
clock_duration  =         2.48609
tau =                     0.0125
total_steps =             32
time_step =               0.0015625
best_mc_result =          0.0100922
best_mc_result_non_secondary =          0
evolved_target_dot_squared =  0.989908
distance =          0.993372
j_protocol =  [[0, 0, 0, 0, 0, 0, 0, 0, 0, 0, 0, 0, 0, 0, 0, 0, 0, 0, 0, 0, 0, 0, 0, 0, 0, 0, 0, 0, 0, 0, 0, 0, ],[0, 0, 0, 0, 0, 0, 0, 0, 0, 0, 0, 0, 0, 0, 0, 0, 0, 0, 0, 0, 0, 0, 0, 0, 0, 0, 0, 0, 0, 0, 0, 0, ],]
k_protocol =  [[0, 0, 0, 0, 0, 0, 0, 0, 0, 0, 0, 0, 0, 0, 0, 0, 0, 0, 0, 0, 0, 0, 0, 0, 0, 0, 0, 0, 0, 0, 0, 0, ],[0, 0, 0, 0, 0, 0, 0, 0, 0, 0, 0, 0, 0, 0, 0, 0, 0, 0, 0, 0, 0, 0, 0, 0, 0, 0, 0, 0, 0, 0, 0, 0, ],]
j_protocol_secondary =  [0, 0.00250054, 0.00250054, 0.00453916, 0.00453916, 0.00680995, 0.00680995, 0.00827064, ]
k_protocol_secondary =  [0.000741408, 0.000741408, 0.00352282, 0.0110142, 0.0110142, 0.0117845, 0.0117845, 0.0125, ]
best_evolved_state = [-0.196466, -0.0107528, -0.64937, -0.0298359, -0.196466, -0.0107528, -0.196466, -0.0107528, -0.64937, -0.0298359, -0.196466, -0.0107528, ]
best_mc_result_fixed_tau =   [0.0091174, 0.00912161, ]
evolved_state_fixed_tau =   [[-0.19441, -0.0445625, -0.636528, -0.123573, -0.19441, -0.0445625, -0.19441, -0.0445625, -0.636528, -0.123573, -0.19441, -0.0445625, ],[-0.194796, -0.0425576, -0.637552, -0.11838, -0.194796, -0.0425576, -0.194796, -0.0425576, -0.637552, -0.11838, -0.194796, -0.0425576, ],]
