START_PARAMETERS
MAX_STEPS_MCDB =               32
MIN_STEPS_MCDB =               4
STEPS_CRUNCH_MCDB =            1
SWEEPS_MCDB =                  50
TOTAL_STEP_CHANGES =                  6
MCBB_SECONDARY =                  1
SWEEPS_MCBB_SECONDARY =                  100
NUMBER_OF_BANGS =                  4
GROUND_E =                -2.17038
INITIAL_E =               -2.14669
j_initial =               0.328
k_initial =               0.5
b_initial =               0
j_target =                0.215
k_target =                0.5
b_target =                0
init_target_dot_squared = 0.989878
init_state = [-0.182653, 0, -0.658237, 0, -0.182653, 0, -0.182653, 0, -0.658237, 0, -0.182653, 0, ]
target_state = [-0.134898, 0, -0.680885, 0, -0.134898, 0, -0.134898, 0, -0.680885, 0, -0.134898, 0, ]
USE_ENERGY_DISTANCE =     false
PERIODIC =                false
UNIFORM_SITES =           true
DEVICE_DIMENSION =        2
MAX_PARAM =               1
MIN_PARAM =               0
MIN_PARAM =               0
DIAG =                    true
NUM_SEEDS =               2
NUMBER_OF_BANGS =               4
DISTANCE_LIMIT =          0.01
TAU_INIT =                0.05
MAX_TAU =                 5
TAU_SCALAR =              1.2
TAU_SCALAR_TINY =         1.1
TAU_SCALAR_BIG =          1.4
ACCEPTANCE_PROB =         0.85
TEMP_EXP_DECAY =          0.8
MIN_TEMP_FRACTION =       0.01
TEMP_DECAY_ITERATIONS =   21
ZERO_TEMP_ITREATIONS =    15
RANDOM_STATES =           3
END_PARAMETERS
##############################################################################
clock_duration  =         1.81883
tau =                     0.0125
total_steps =             32
time_step =               0.0015625
best_mc_result =          0.0100625
best_mc_result_non_secondary =          0
evolved_target_dot_squared =  0.989938
distance =          0.994092
j_protocol =  [[0, 0, 0, 0, 0, 0, 0, 0, 0, 0, 0, 0, 0, 0, 0, 0, 0, 0, 0, 0, 0, 0, 0, 0, 0, 0, 0, 0, 0, 0, 0, 0, ],[0, 0, 0, 0, 0, 0, 0, 0, 0, 0, 0, 0, 0, 0, 0, 0, 0, 0, 0, 0, 0, 0, 0, 0, 0, 0, 0, 0, 0, 0, 0, 0, ],]
k_protocol =  [[0, 0, 0, 0, 0, 0, 0, 0, 0, 0, 0, 0, 0, 0, 0, 0, 0, 0, 0, 0, 0, 0, 0, 0, 0, 0, 0, 0, 0, 0, 0, 0, ],[0, 0, 0, 0, 0, 0, 0, 0, 0, 0, 0, 0, 0, 0, 0, 0, 0, 0, 0, 0, 0, 0, 0, 0, 0, 0, 0, 0, 0, 0, 0, 0, ],]
j_protocol_secondary =  [0.00186644, 0.00186644, 0.00267053, 0.00267053, 0.00645087, 0.0117808, 0.0117808, 0.0125, ]
k_protocol_secondary =  [0, 0.00292282, 0.00292282, 0.00711671, 0.00711671, 0.00893986, 0.00893986, 0.0106804, ]
best_evolved_state = [-0.182333, -0.00795745, -0.657514, -0.0325281, -0.182333, -0.00795745, -0.182333, -0.00795745, -0.657514, -0.0325281, -0.182333, -0.00795745, ]
best_mc_result_fixed_tau =   [0.00919165, 0.00919165, ]
evolved_state_fixed_tau =   [[-0.177386, -0.0325075, -0.646043, -0.132601, -0.177386, -0.0325075, -0.177386, -0.0325075, -0.646043, -0.132601, -0.177386, -0.0325075, ],[-0.177386, -0.0325075, -0.646043, -0.132601, -0.177386, -0.0325075, -0.177386, -0.0325075, -0.646043, -0.132601, -0.177386, -0.0325075, ],]
