START_PARAMETERS
MAX_STEPS_MCDB =               32
MIN_STEPS_MCDB =               4
STEPS_CRUNCH_MCDB =            1
SWEEPS_MCDB =                  50
TOTAL_STEP_CHANGES =                  6
MCBB_SECONDARY =                  1
SWEEPS_MCBB_SECONDARY =                  100
NUMBER_OF_BANGS =                  4
GROUND_E =                -2.88036
INITIAL_E =               -2.83896
j_initial =               0.967
k_initial =               0.5
b_initial =               0
j_target =                0.563
k_target =                0.5
b_target =                0
init_target_dot_squared = 0.988993
init_state = [0.28649, 0, 0.579523, 0, 0.28649, 0, 0.28649, 0, 0.579523, 0, 0.28649, 0, ]
target_state = [-0.241916, 0, -0.618832, 0, -0.241916, 0, -0.241916, 0, -0.618832, 0, -0.241916, 0, ]
USE_ENERGY_DISTANCE =     false
PERIODIC =                false
UNIFORM_SITES =           true
DEVICE_DIMENSION =        2
MAX_PARAM =               1
MIN_PARAM =               0
MIN_PARAM =               0
DIAG =                    true
NUM_SEEDS =               2
NUMBER_OF_BANGS =               4
DISTANCE_LIMIT =          0.01
TAU_INIT =                0.05
MAX_TAU =                 5
TAU_SCALAR =              1.2
TAU_SCALAR_TINY =         1.1
TAU_SCALAR_BIG =          1.4
ACCEPTANCE_PROB =         0.85
TEMP_EXP_DECAY =          0.8
MIN_TEMP_FRACTION =       0.01
TEMP_DECAY_ITERATIONS =   21
ZERO_TEMP_ITREATIONS =    15
RANDOM_STATES =           3
END_PARAMETERS
##############################################################################
clock_duration  =         3.82519
tau =                     0.046875
total_steps =             32
time_step =               0.0015625
best_mc_result =          0.0100496
best_mc_result_non_secondary =          0
evolved_target_dot_squared =  0.98995
distance =          0.912982
j_protocol =  [[0, 0, 0, 0, 0, 0, 0, 0, 0, 0, 0, 0, 0, 0, 0, 0, 0, 0, 0, 0, 0, 0, 0, 0, 0, 0, 0, 0, 0, 0, 0, 0, ],[0, 0, 0, 0, 0, 0, 0, 0, 0, 0, 0, 0, 0, 0, 0, 0, 0, 0, 0, 0, 0, 0, 0, 0, 0, 0, 0, 0, 0, 0, 0, 0, ],]
k_protocol =  [[0, 0, 0, 0, 0, 0, 0, 0, 0, 0, 0, 0, 0, 0, 0, 0, 0, 0, 0, 0, 0, 0, 0, 0, 0, 0, 0, 0, 0, 0, 0, 0, ],[0, 0, 0, 0, 0, 0, 0, 0, 0, 0, 0, 0, 0, 0, 0, 0, 0, 0, 0, 0, 0, 0, 0, 0, 0, 0, 0, 0, 0, 0, 0, 0, ],]
j_protocol_secondary =  [0.00918525, 0.0132689, 0.0132689, 0.0221771, 0.0221771, 0.0464785, 0.0464785, 0.046875, ]
k_protocol_secondary =  [0, 0.0077898, 0.0077898, 0.01901, 0.01901, 0.0206464, 0.0206464, 0.0268913, ]
best_evolved_state = [0.280906, 0.0433731, 0.57218, 0.10503, 0.280906, 0.0433731, 0.280906, 0.0433731, 0.57218, 0.10503, 0.280906, 0.0433731, ]
best_mc_result_fixed_tau =   [0.00992384, 0.0099293, ]
evolved_state_fixed_tau =   [[0.280351, 0.0449213, 0.571667, 0.109395, 0.280351, 0.0449213, 0.280351, 0.0449213, 0.571667, 0.109395, 0.280351, 0.0449213, ],[0.280363, 0.0449224, 0.571656, 0.109395, 0.280363, 0.0449224, 0.280363, 0.0449224, 0.571656, 0.109395, 0.280363, 0.0449224, ],]
