START_PARAMETERS
MAX_STEPS_MCDB =               32
MIN_STEPS_MCDB =               4
STEPS_CRUNCH_MCDB =            1
SWEEPS_MCDB =                  50
TOTAL_STEP_CHANGES =                  6
MCBB_SECONDARY =                  1
SWEEPS_MCBB_SECONDARY =                  100
NUMBER_OF_BANGS =                  4
GROUND_E =                -2.21342
INITIAL_E =               -2.18901
j_initial =               0.15
k_initial =               0.5
b_initial =               0
j_target =                0.243
k_target =                0.5
b_target =                0
init_target_dot_squared = 0.989943
init_state = [-0.0996402, 0, -0.692924, 0, -0.0996402, 0, -0.0996402, 0, -0.692924, 0, -0.0996402, 0, ]
target_state = [-0.148275, 0, -0.675299, 0, -0.148275, 0, -0.148275, 0, -0.675299, 0, -0.148275, 0, ]
USE_ENERGY_DISTANCE =     false
PERIODIC =                false
UNIFORM_SITES =           true
DEVICE_DIMENSION =        2
MAX_PARAM =               1
MIN_PARAM =               0
MIN_PARAM =               0
DIAG =                    true
NUM_SEEDS =               2
NUMBER_OF_BANGS =               4
DISTANCE_LIMIT =          0.01
TAU_INIT =                0.05
MAX_TAU =                 5
TAU_SCALAR =              1.2
TAU_SCALAR_TINY =         1.1
TAU_SCALAR_BIG =          1.4
ACCEPTANCE_PROB =         0.85
TEMP_EXP_DECAY =          0.8
MIN_TEMP_FRACTION =       0.01
TEMP_DECAY_ITERATIONS =   21
ZERO_TEMP_ITREATIONS =    15
RANDOM_STATES =           3
END_PARAMETERS
##############################################################################
clock_duration  =         2.55727
tau =                     0.0125
total_steps =             32
time_step =               0.0015625
best_mc_result =          0.0100048
best_mc_result_non_secondary =          0
evolved_target_dot_squared =  0.989995
distance =          0.994784
j_protocol =  [[0, 0, 0, 0, 0, 0, 0, 0, 0, 0, 0, 0, 0, 0, 0, 0, 0, 0, 0, 0, 0, 0, 0, 0, 0, 0, 0, 0, 0, 0, 0, 0, ],[0, 0, 0, 0, 0, 0, 0, 0, 0, 0, 0, 0, 0, 0, 0, 0, 0, 0, 0, 0, 0, 0, 0, 0, 0, 0, 0, 0, 0, 0, 0, 0, ],]
k_protocol =  [[0, 0, 0, 0, 0, 0, 0, 0, 0, 0, 0, 0, 0, 0, 0, 0, 0, 0, 0, 0, 0, 0, 0, 0, 0, 0, 0, 0, 0, 0, 0, 0, ],[0, 0, 0, 0, 0, 0, 0, 0, 0, 0, 0, 0, 0, 0, 0, 0, 0, 0, 0, 0, 0, 0, 0, 0, 0, 0, 0, 0, 0, 0, 0, 0, ],]
j_protocol_secondary =  [0, 0.00309031, 0.00309031, 0.00452964, 0.00452964, 0.00483965, 0.0101317, 0.0101317, ]
k_protocol_secondary =  [0.00111606, 0.00261968, 0.00261968, 0.0115411, 0.0115411, 0.0121878, 0.0121878, 0.0125, ]
best_evolved_state = [-0.0995925, -0.00670656, -0.692064, -0.0334666, -0.0995925, -0.00670656, -0.0995925, -0.00670656, -0.692064, -0.0334666, -0.0995925, -0.00670656, ]
best_mc_result_fixed_tau =   [0.00923776, 0.00924076, ]
evolved_state_fixed_tau =   [[-0.0989525, -0.0259592, -0.679421, -0.132123, -0.0989525, -0.0259592, -0.0989525, -0.0259592, -0.679421, -0.132123, -0.0989525, -0.0259592, ],[-0.0989525, -0.0259592, -0.679421, -0.132123, -0.0989525, -0.0259592, -0.0989525, -0.0259592, -0.679421, -0.132123, -0.0989525, -0.0259592, ],]
