START_PARAMETERS
MAX_STEPS_MCDB =               32
MIN_STEPS_MCDB =               4
STEPS_CRUNCH_MCDB =            1
SWEEPS_MCDB =                  50
TOTAL_STEP_CHANGES =                  6
MCBB_SECONDARY =                  1
SWEEPS_MCBB_SECONDARY =                  100
NUMBER_OF_BANGS =                  4
GROUND_E =                -2.12214
INITIAL_E =               -2.09966
j_initial =               0.098
k_initial =               0.5
b_initial =               0
j_target =                0.18
k_target =                0.5
b_target =                0
init_target_dot_squared = 0.989982
init_state = [-0.0673936, 0, -0.700654, 0, -0.0673936, 0, -0.0673936, 0, -0.700654, 0, -0.0673936, 0, ]
target_state = [-0.116644, 0, -0.687596, 0, -0.116644, 0, -0.116644, 0, -0.687596, 0, -0.116644, 0, ]
USE_ENERGY_DISTANCE =     false
PERIODIC =                false
UNIFORM_SITES =           true
DEVICE_DIMENSION =        2
MAX_PARAM =               1
MIN_PARAM =               0
MIN_PARAM =               0
DIAG =                    true
NUM_SEEDS =               2
NUMBER_OF_BANGS =               4
DISTANCE_LIMIT =          0.01
TAU_INIT =                0.05
MAX_TAU =                 5
TAU_SCALAR =              1.2
TAU_SCALAR_TINY =         1.1
TAU_SCALAR_BIG =          1.4
ACCEPTANCE_PROB =         0.85
TEMP_EXP_DECAY =          0.8
MIN_TEMP_FRACTION =       0.01
TEMP_DECAY_ITERATIONS =   21
ZERO_TEMP_ITREATIONS =    15
RANDOM_STATES =           3
END_PARAMETERS
##############################################################################
clock_duration  =         2.4914
tau =                     0.0125
total_steps =             32
time_step =               0.0015625
best_mc_result =          0.00997391
best_mc_result_non_secondary =          0
evolved_target_dot_squared =  0.990026
distance =          0.995583
j_protocol =  [[0, 0, 0, 0, 0, 0, 0, 0, 0, 0, 0, 0, 0, 0, 0, 0, 0, 0, 0, 0, 0, 0, 0, 0, 0, 0, 0, 0, 0, 0, 0, 0, ],[0, 0, 0, 0, 0, 0, 0, 0, 0, 0, 0, 0, 0, 0, 0, 0, 0, 0, 0, 0, 0, 0, 0, 0, 0, 0, 0, 0, 0, 0, 0, 0, ],]
k_protocol =  [[0, 0, 0, 0, 0, 0, 0, 0, 0, 0, 0, 0, 0, 0, 0, 0, 0, 0, 0, 0, 0, 0, 0, 0, 0, 0, 0, 0, 0, 0, 0, 0, ],[0, 0, 0, 0, 0, 0, 0, 0, 0, 0, 0, 0, 0, 0, 0, 0, 0, 0, 0, 0, 0, 0, 0, 0, 0, 0, 0, 0, 0, 0, 0, 0, ],]
j_protocol_secondary =  [0, 0.0017062, 0.0017062, 0.00376159, 0.00677828, 0.00677828, 0.00879404, 0.00879404, ]
k_protocol_secondary =  [0.000617009, 0.00078125, 0.00078125, 0.0118233, 0.0118233, 0.0124451, 0.0124451, 0.0125, ]
best_evolved_state = [-0.067362, -0.00527091, -0.69978, -0.0343023, -0.067362, -0.00527091, -0.067362, -0.00527091, -0.69978, -0.0343023, -0.067362, -0.00527091, ]
best_mc_result_fixed_tau =   [0.00932817, 0.00932817, ]
evolved_state_fixed_tau =   [[-0.0668901, -0.0218798, -0.686998, -0.134641, -0.0668901, -0.0218798, -0.0668901, -0.0218798, -0.686998, -0.134641, -0.0668901, -0.0218798, ],[-0.0668901, -0.0218798, -0.686998, -0.134641, -0.0668901, -0.0218798, -0.0668901, -0.0218798, -0.686998, -0.134641, -0.0668901, -0.0218798, ],]
