START_PARAMETERS
MAX_STEPS_MCDB =               32
MIN_STEPS_MCDB =               4
STEPS_CRUNCH_MCDB =            1
SWEEPS_MCDB =                  50
TOTAL_STEP_CHANGES =                  6
MCBB_SECONDARY =                  1
SWEEPS_MCBB_SECONDARY =                  100
NUMBER_OF_BANGS =                  4
GROUND_E =                -2.08628
INITIAL_E =               -2.06443
j_initial =               0.243
k_initial =               0.5
b_initial =               0
j_target =                0.15
k_target =                0.5
b_target =                0
init_target_dot_squared = 0.989943
init_state = [-0.148275, 0, -0.675299, 0, -0.148275, 0, -0.148275, 0, -0.675299, 0, -0.148275, 0, ]
target_state = [-0.0996402, 0, -0.692924, 0, -0.0996402, 0, -0.0996402, 0, -0.692924, 0, -0.0996402, 0, ]
USE_ENERGY_DISTANCE =     false
PERIODIC =                false
UNIFORM_SITES =           true
DEVICE_DIMENSION =        2
MAX_PARAM =               1
MIN_PARAM =               0
MIN_PARAM =               0
DIAG =                    true
NUM_SEEDS =               2
NUMBER_OF_BANGS =               4
DISTANCE_LIMIT =          0.01
TAU_INIT =                0.05
MAX_TAU =                 5
TAU_SCALAR =              1.2
TAU_SCALAR_TINY =         1.1
TAU_SCALAR_BIG =          1.4
ACCEPTANCE_PROB =         0.85
TEMP_EXP_DECAY =          0.8
MIN_TEMP_FRACTION =       0.01
TEMP_DECAY_ITERATIONS =   21
ZERO_TEMP_ITREATIONS =    15
RANDOM_STATES =           3
END_PARAMETERS
##############################################################################
clock_duration  =         2.95879
tau =                     0.0125
total_steps =             32
time_step =               0.0015625
best_mc_result =          0.0100048
best_mc_result_non_secondary =          0
evolved_target_dot_squared =  0.989995
distance =          0.994784
j_protocol =  [[0, 0, 0, 0, 0, 0, 0, 0, 0, 0, 0, 0, 0, 0, 0, 0, 0, 0, 0, 0, 0, 0, 0, 0, 0, 0, 0, 0, 0, 0, 0, 0, ],[0, 0, 0, 0, 0, 0, 0, 0, 0, 0, 0, 0, 0, 0, 0, 0, 0, 0, 0, 0, 0, 0, 0, 0, 0, 0, 0, 0, 0, 0, 0, 0, ],]
k_protocol =  [[0, 0, 0, 0, 0, 0, 0, 0, 0, 0, 0, 0, 0, 0, 0, 0, 0, 0, 0, 0, 0, 0, 0, 0, 0, 0, 0, 0, 0, 0, 0, 0, ],[0, 0, 0, 0, 0, 0, 0, 0, 0, 0, 0, 0, 0, 0, 0, 0, 0, 0, 0, 0, 0, 0, 0, 0, 0, 0, 0, 0, 0, 0, 0, 0, ],]
j_protocol_secondary =  [0.000810296, 0.000810296, 0.00388737, 0.00388737, 0.00766122, 0.0103941, 0.0103941, 0.0125, ]
k_protocol_secondary =  [0, 0.0016141, 0.0016141, 0.00405174, 0.00405174, 0.0110563, 0.0110563, 0.0113841, ]
best_evolved_state = [-0.148001, -0.00652971, -0.67452, -0.0336071, -0.148001, -0.00652971, -0.148001, -0.00652971, -0.67452, -0.0336071, -0.148001, -0.00652971, ]
best_mc_result_fixed_tau =   [0.00924076, 0.00924076, ]
evolved_state_fixed_tau =   [[-0.144076, -0.0249879, -0.663862, -0.128539, -0.144076, -0.0249879, -0.144076, -0.0249879, -0.663862, -0.128539, -0.144076, -0.0249879, ],[-0.144076, -0.0249879, -0.663862, -0.128539, -0.144076, -0.0249879, -0.144076, -0.0249879, -0.663862, -0.128539, -0.144076, -0.0249879, ],]
