START_PARAMETERS
MAX_STEPS_MCDB =               32
MIN_STEPS_MCDB =               4
STEPS_CRUNCH_MCDB =            1
SWEEPS_MCDB =                  50
TOTAL_STEP_CHANGES =                  6
MCBB_SECONDARY =                  1
SWEEPS_MCBB_SECONDARY =                  100
NUMBER_OF_BANGS =                  4
GROUND_E =                -2.52287
INITIAL_E =               -2.47889
j_initial =               0.716
k_initial =               0.5
b_initial =               0
j_target =                0.693
k_target =                0.25
b_target =                0
init_target_dot_squared = 0.989129
init_state = [0.263924, 0, 0.600573, 0, 0.263924, 0, 0.263924, 0, 0.600573, 0, 0.263924, 0, ]
target_state = [-0.306763, 0, -0.558385, 0, -0.306763, 0, -0.306763, 0, -0.558385, 0, -0.306763, 0, ]
USE_ENERGY_DISTANCE =     false
PERIODIC =                false
UNIFORM_SITES =           true
DEVICE_DIMENSION =        2
MAX_PARAM =               1
MIN_PARAM =               0
MIN_PARAM =               0
DIAG =                    true
NUM_SEEDS =               2
NUMBER_OF_BANGS =               4
DISTANCE_LIMIT =          0.01
TAU_INIT =                0.05
MAX_TAU =                 5
TAU_SCALAR =              1.2
TAU_SCALAR_TINY =         1.1
TAU_SCALAR_BIG =          1.4
ACCEPTANCE_PROB =         0.85
TEMP_EXP_DECAY =          0.8
MIN_TEMP_FRACTION =       0.01
TEMP_DECAY_ITERATIONS =   21
ZERO_TEMP_ITREATIONS =    15
RANDOM_STATES =           3
END_PARAMETERS
##############################################################################
clock_duration  =         3.03641
tau =                     0.04375
total_steps =             32
time_step =               0.0015625
best_mc_result =          0.0100827
best_mc_result_non_secondary =          0
evolved_target_dot_squared =  0.989917
distance =          0.927516
j_protocol =  [[0, 0, 0, 0, 0, 0, 0, 0, 0, 0, 0, 0, 0, 0, 0, 0, 0, 0, 0, 0, 0, 0, 0, 0, 0, 0, 0, 0, 0, 0, 0, 0, ],[0, 0, 0, 0, 0, 0, 0, 0, 0, 0, 0, 0, 0, 0, 0, 0, 0, 0, 0, 0, 0, 0, 0, 0, 0, 0, 0, 0, 0, 0, 0, 0, ],]
k_protocol =  [[0, 0, 0, 0, 0, 0, 0, 0, 0, 0, 0, 0, 0, 0, 0, 0, 0, 0, 0, 0, 0, 0, 0, 0, 0, 0, 0, 0, 0, 0, 0, 0, ],[0, 0, 0, 0, 0, 0, 0, 0, 0, 0, 0, 0, 0, 0, 0, 0, 0, 0, 0, 0, 0, 0, 0, 0, 0, 0, 0, 0, 0, 0, 0, 0, ],]
j_protocol_secondary =  [0, 0.0136824, 0.0136824, 0.037924, 0.037924, 0.0381047, 0.0395651, 0.0395651, ]
k_protocol_secondary =  [0.00295841, 0.00295841, 0.0137603, 0.0137603, 0.0224579, 0.0350402, 0.0350402, 0.04375, ]
best_evolved_state = [0.261807, 0.0456399, 0.592019, 0.0908932, 0.261807, 0.0456399, 0.261807, 0.0456399, 0.592019, 0.0908932, 0.261807, 0.0456399, ]
best_mc_result_fixed_tau =   [0.00984971, 0.00984971, ]
evolved_state_fixed_tau =   [[0.261066, 0.0523488, 0.589133, 0.105498, 0.261066, 0.0523488, 0.261066, 0.0523488, 0.589133, 0.105498, 0.261066, 0.0523488, ],[0.261066, 0.0523488, 0.589133, 0.105498, 0.261066, 0.0523488, 0.261066, 0.0523488, 0.589133, 0.105498, 0.261066, 0.0523488, ],]
