START_PARAMETERS
MAX_STEPS_MCDB =               32
MIN_STEPS_MCDB =               4
STEPS_CRUNCH_MCDB =            1
SWEEPS_MCDB =                  50
TOTAL_STEP_CHANGES =                  6
MCBB_SECONDARY =                  1
SWEEPS_MCBB_SECONDARY =                  100
NUMBER_OF_BANGS =                  4
GROUND_E =                -2.23795
INITIAL_E =               -2.21132
j_initial =               0.159
k_initial =               0.5
b_initial =               0
j_target =                0.258
k_target =                0.5
b_target =                0
init_target_dot_squared = 0.989245
init_state = [-0.104871, 0, -0.691379, 0, -0.104871, 0, -0.104871, 0, -0.691379, 0, -0.104871, 0, ]
target_state = [-0.155004, 0, -0.67227, 0, -0.155004, 0, -0.155004, 0, -0.67227, 0, -0.155004, 0, ]
USE_ENERGY_DISTANCE =     false
PERIODIC =                false
UNIFORM_SITES =           true
DEVICE_DIMENSION =        2
MAX_PARAM =               1
MIN_PARAM =               0
MIN_PARAM =               0
DIAG =                    true
NUM_SEEDS =               2
NUMBER_OF_BANGS =               4
DISTANCE_LIMIT =          0.01
TAU_INIT =                0.05
MAX_TAU =                 5
TAU_SCALAR =              1.2
TAU_SCALAR_TINY =         1.1
TAU_SCALAR_BIG =          1.4
ACCEPTANCE_PROB =         0.85
TEMP_EXP_DECAY =          0.8
MIN_TEMP_FRACTION =       0.01
TEMP_DECAY_ITERATIONS =   21
ZERO_TEMP_ITREATIONS =    15
RANDOM_STATES =           3
END_PARAMETERS
##############################################################################
clock_duration  =         3.15023
tau =                     0.04375
total_steps =             32
time_step =               0.0015625
best_mc_result =          0.0100806
best_mc_result_non_secondary =          0
evolved_target_dot_squared =  0.989919
distance =          0.937324
j_protocol =  [[0, 0, 0, 0, 0, 0, 0, 0, 0, 0, 0, 0, 0, 0, 0, 0, 0, 0, 0, 0, 0, 0, 0, 0, 0, 0, 0, 0, 0, 0, 0, 0, ],[0, 0, 0, 0, 0, 0, 0, 0, 0, 0, 0, 0, 0, 0, 0, 0, 0, 0, 0, 0, 0, 0, 0, 0, 0, 0, 0, 0, 0, 0, 0, 0, ],]
k_protocol =  [[0, 0, 0, 0, 0, 0, 0, 0, 0, 0, 0, 0, 0, 0, 0, 0, 0, 0, 0, 0, 0, 0, 0, 0, 0, 0, 0, 0, 0, 0, 0, 0, ],[0, 0, 0, 0, 0, 0, 0, 0, 0, 0, 0, 0, 0, 0, 0, 0, 0, 0, 0, 0, 0, 0, 0, 0, 0, 0, 0, 0, 0, 0, 0, 0, ],]
j_protocol_secondary =  [0, 0.014001, 0.014001, 0.0164063, 0.0164063, 0.0176772, 0.017816, 0.017816, ]
k_protocol_secondary =  [0.00426077, 0.0173561, 0.0173561, 0.0237948, 0.0237948, 0.0431186, 0.0431186, 0.04375, ]
best_evolved_state = [-0.104242, -0.0244216, -0.680899, -0.115977, -0.104242, -0.0244216, -0.104242, -0.0244216, -0.680899, -0.115977, -0.104242, -0.0244216, ]
best_mc_result_fixed_tau =   [0.00989006, 0.0098846, ]
evolved_state_fixed_tau =   [[-0.104292, -0.0259046, -0.678619, -0.127985, -0.104292, -0.0259046, -0.104292, -0.0259046, -0.678619, -0.127985, -0.104292, -0.0259046, ],[-0.10401, -0.0280527, -0.677598, -0.132859, -0.10401, -0.0280527, -0.10401, -0.0280527, -0.677598, -0.132859, -0.10401, -0.0280527, ],]
