START_PARAMETERS
MAX_STEPS_MCDB =               32
MIN_STEPS_MCDB =               4
STEPS_CRUNCH_MCDB =            1
SWEEPS_MCDB =                  50
TOTAL_STEP_CHANGES =                  6
MCBB_SECONDARY =                  1
SWEEPS_MCBB_SECONDARY =                  100
NUMBER_OF_BANGS =                  4
GROUND_E =                -3.25859
INITIAL_E =               -3.20949
j_initial =               0.693
k_initial =               0.25
b_initial =               0
j_target =                0.716
k_target =                0.5
b_target =                0
init_target_dot_squared = 0.989129
init_state = [-0.306763, 0, -0.558385, 0, -0.306763, 0, -0.306763, 0, -0.558385, 0, -0.306763, 0, ]
target_state = [0.263924, 0, 0.600573, 0, 0.263924, 0, 0.263924, 0, 0.600573, 0, 0.263924, 0, ]
USE_ENERGY_DISTANCE =     false
PERIODIC =                false
UNIFORM_SITES =           true
DEVICE_DIMENSION =        2
MAX_PARAM =               1
MIN_PARAM =               0
MIN_PARAM =               0
DIAG =                    true
NUM_SEEDS =               2
NUMBER_OF_BANGS =               4
DISTANCE_LIMIT =          0.01
TAU_INIT =                0.05
MAX_TAU =                 5
TAU_SCALAR =              1.2
TAU_SCALAR_TINY =         1.1
TAU_SCALAR_BIG =          1.4
ACCEPTANCE_PROB =         0.85
TEMP_EXP_DECAY =          0.8
MIN_TEMP_FRACTION =       0.01
TEMP_DECAY_ITERATIONS =   21
ZERO_TEMP_ITREATIONS =    15
RANDOM_STATES =           3
END_PARAMETERS
##############################################################################
clock_duration  =         3.1639
tau =                     0.04375
total_steps =             32
time_step =               0.0015625
best_mc_result =          0.0100827
best_mc_result_non_secondary =          0
evolved_target_dot_squared =  0.989917
distance =          0.927516
j_protocol =  [[0, 0, 0, 0, 0, 0, 0, 0, 0, 0, 0, 0, 0, 0, 0, 0, 0, 0, 0, 0, 0, 0, 0, 0, 0, 0, 0, 0, 0, 0, 0, 0, ],[0, 0, 0, 0, 0, 0, 0, 0, 0, 0, 0, 0, 0, 0, 0, 0, 0, 0, 0, 0, 0, 0, 0, 0, 0, 0, 0, 0, 0, 0, 0, 0, ],]
k_protocol =  [[0, 0, 0, 0, 0, 0, 0, 0, 0, 0, 0, 0, 0, 0, 0, 0, 0, 0, 0, 0, 0, 0, 0, 0, 0, 0, 0, 0, 0, 0, 0, 0, ],[0, 0, 0, 0, 0, 0, 0, 0, 0, 0, 0, 0, 0, 0, 0, 0, 0, 0, 0, 0, 0, 0, 0, 0, 0, 0, 0, 0, 0, 0, 0, 0, ],]
j_protocol_secondary =  [0.00167944, 0.00167944, 0.00565547, 0.0262251, 0.0262251, 0.0343965, 0.0343965, 0.04375, ]
k_protocol_secondary =  [0, 0.00373839, 0.00373839, 0.0079413, 0.0079413, 0.0212918, 0.0281394, 0.0281394, ]
best_evolved_state = [-0.301915, -0.0423085, -0.552533, -0.0939244, -0.301915, -0.0423085, -0.301915, -0.0423085, -0.552533, -0.0939244, -0.301915, -0.0423085, ]
best_mc_result_fixed_tau =   [0.00984971, 0.00984971, ]
evolved_state_fixed_tau =   [[-0.300332, -0.0484954, -0.550481, -0.108942, -0.300332, -0.0484954, -0.300332, -0.0484954, -0.550481, -0.108942, -0.300332, -0.0484954, ],[-0.300332, -0.0484954, -0.550481, -0.108942, -0.300332, -0.0484954, -0.300332, -0.0484954, -0.550481, -0.108942, -0.300332, -0.0484954, ],]
