START_PARAMETERS
MAX_STEPS_MCDB =               32
MIN_STEPS_MCDB =               4
STEPS_CRUNCH_MCDB =            1
SWEEPS_MCDB =                  50
TOTAL_STEP_CHANGES =                  6
MCBB_SECONDARY =                  1
SWEEPS_MCBB_SECONDARY =                  100
NUMBER_OF_BANGS =                  4
GROUND_E =                -2.41072
INITIAL_E =               -2.37076
j_initial =               0.731
k_initial =               0.062
b_initial =               0
j_target =                0.652
k_target =                0.25
b_target =                0
init_target_dot_squared = 0.989544
init_state = [0.342807, 0, 0.514749, 0, 0.342807, 0, 0.342807, 0, 0.514749, 0, 0.342807, 0, ]
target_state = [0.303792, 0, 0.561623, 0, 0.303792, 0, 0.303792, 0, 0.561623, 0, 0.303792, 0, ]
USE_ENERGY_DISTANCE =     false
PERIODIC =                false
UNIFORM_SITES =           true
DEVICE_DIMENSION =        2
MAX_PARAM =               1
MIN_PARAM =               0
MIN_PARAM =               0
DIAG =                    true
NUM_SEEDS =               2
NUMBER_OF_BANGS =               4
DISTANCE_LIMIT =          0.01
TAU_INIT =                0.05
MAX_TAU =                 5
TAU_SCALAR =              1.2
TAU_SCALAR_TINY =         1.1
TAU_SCALAR_BIG =          1.4
ACCEPTANCE_PROB =         0.85
TEMP_EXP_DECAY =          0.8
MIN_TEMP_FRACTION =       0.01
TEMP_DECAY_ITERATIONS =   21
ZERO_TEMP_ITREATIONS =    15
RANDOM_STATES =           3
END_PARAMETERS
##############################################################################
clock_duration  =         1.71402
tau =                     0.0375
total_steps =             32
time_step =               0.0015625
best_mc_result =          0.0100226
best_mc_result_non_secondary =          0
evolved_target_dot_squared =  0.989977
distance =          0.958593
j_protocol =  [[0, 0, 0, 0, 0, 0, 0, 0, 0, 0, 0, 0, 0, 0, 0, 0, 0, 0, 0, 0, 0, 0, 0, 0, 0, 0, 0, 0, 0, 0, 0, 0, ],[0, 0, 0, 0, 0, 0, 0, 0, 0, 0, 0, 0, 0, 0, 0, 0, 0, 0, 0, 0, 0, 0, 0, 0, 0, 0, 0, 0, 0, 0, 0, 0, ],]
k_protocol =  [[0, 0, 0, 0, 0, 0, 0, 0, 0, 0, 0, 0, 0, 0, 0, 0, 0, 0, 0, 0, 0, 0, 0, 0, 0, 0, 0, 0, 0, 0, 0, 0, ],[0, 0, 0, 0, 0, 0, 0, 0, 0, 0, 0, 0, 0, 0, 0, 0, 0, 0, 0, 0, 0, 0, 0, 0, 0, 0, 0, 0, 0, 0, 0, 0, ],]
j_protocol_secondary =  [0.000860193, 0.0157139, 0.0157139, 0.0279692, 0.0279692, 0.0328824, 0.0328824, 0.0375, ]
k_protocol_secondary =  [0, 0.00108439, 0.00108439, 0.0109901, 0.0207252, 0.0207252, 0.0323837, 0.0323837, ]
best_evolved_state = [0.339524, 0.0376064, 0.511212, 0.0726731, 0.339524, 0.0376064, 0.339524, 0.0376064, 0.511212, 0.0726731, 0.339524, 0.0376064, ]
best_mc_result_fixed_tau =   [0.00969478, 0.00969478, ]
evolved_state_fixed_tau =   [[0.33712, 0.0496102, 0.508692, 0.0949239, 0.33712, 0.0496102, 0.33712, 0.0496102, 0.508692, 0.0949239, 0.33712, 0.0496102, ],[0.33712, 0.0496102, 0.508692, 0.0949239, 0.33712, 0.0496102, 0.33712, 0.0496102, 0.508692, 0.0949239, 0.33712, 0.0496102, ],]
