START_PARAMETERS
MAX_STEPS_MCDB =               32
MIN_STEPS_MCDB =               4
STEPS_CRUNCH_MCDB =            1
SWEEPS_MCDB =                  50
TOTAL_STEP_CHANGES =                  6
MCBB_SECONDARY =                  1
SWEEPS_MCBB_SECONDARY =                  100
NUMBER_OF_BANGS =                  4
GROUND_E =                -2.97959
INITIAL_E =               -2.92265
j_initial =               0.579
k_initial =               0.25
b_initial =               0
j_target =                0.961
k_target =                0.125
b_target =                0
init_target_dot_squared = 0.98957
init_state = [0.297488, 0, 0.568332, 0, 0.297488, 0, 0.297488, 0, 0.568332, 0, 0.297488, 0, ]
target_state = [0.336974, 0, 0.522396, 0, 0.336974, 0, 0.336974, 0, 0.522396, 0, 0.336974, 0, ]
USE_ENERGY_DISTANCE =     false
PERIODIC =                false
UNIFORM_SITES =           true
DEVICE_DIMENSION =        2
MAX_PARAM =               1
MIN_PARAM =               0
MIN_PARAM =               0
DIAG =                    true
NUM_SEEDS =               2
NUMBER_OF_BANGS =               4
DISTANCE_LIMIT =          0.01
TAU_INIT =                0.05
MAX_TAU =                 5
TAU_SCALAR =              1.2
TAU_SCALAR_TINY =         1.1
TAU_SCALAR_BIG =          1.4
ACCEPTANCE_PROB =         0.85
TEMP_EXP_DECAY =          0.8
MIN_TEMP_FRACTION =       0.01
TEMP_DECAY_ITERATIONS =   21
ZERO_TEMP_ITREATIONS =    15
RANDOM_STATES =           3
END_PARAMETERS
##############################################################################
clock_duration  =         1.73558
tau =                     0.0375
total_steps =             32
time_step =               0.0015625
best_mc_result =          0.00996652
best_mc_result_non_secondary =          0
evolved_target_dot_squared =  0.990033
distance =          0.955601
j_protocol =  [[0, 0, 0, 0, 0, 0, 0, 0, 0, 0, 0, 0, 0, 0, 0, 0, 0, 0, 0, 0, 0, 0, 0, 0, 0, 0, 0, 0, 0, 0, 0, 0, ],[0, 0, 0, 0, 0, 0, 0, 0, 0, 0, 0, 0, 0, 0, 0, 0, 0, 0, 0, 0, 0, 0, 0, 0, 0, 0, 0, 0, 0, 0, 0, 0, ],]
k_protocol =  [[0, 0, 0, 0, 0, 0, 0, 0, 0, 0, 0, 0, 0, 0, 0, 0, 0, 0, 0, 0, 0, 0, 0, 0, 0, 0, 0, 0, 0, 0, 0, 0, ],[0, 0, 0, 0, 0, 0, 0, 0, 0, 0, 0, 0, 0, 0, 0, 0, 0, 0, 0, 0, 0, 0, 0, 0, 0, 0, 0, 0, 0, 0, 0, 0, ],]
j_protocol_secondary =  [0, 0.0111705, 0.0111705, 0.0276472, 0.0276472, 0.0282154, 0.0282154, 0.0360827, ]
k_protocol_secondary =  [0.0094548, 0.0094548, 0.0164033, 0.0164033, 0.0252351, 0.0257813, 0.0257813, 0.0375, ]
best_evolved_state = [0.295674, 0.0409228, 0.562871, 0.070577, 0.295674, 0.0409228, 0.295674, 0.0409228, 0.562871, 0.070577, 0.295674, 0.0409228, ]
best_mc_result_fixed_tau =   [0.00961739, 0.00961739, ]
evolved_state_fixed_tau =   [[0.294255, 0.0548401, 0.558783, 0.0926015, 0.294255, 0.0548401, 0.294255, 0.0548401, 0.558783, 0.0926015, 0.294255, 0.0548401, ],[0.294255, 0.0548401, 0.558783, 0.0926015, 0.294255, 0.0548401, 0.294255, 0.0548401, 0.558783, 0.0926015, 0.294255, 0.0548401, ],]
