START_PARAMETERS
MAX_STEPS_MCDB =               32
MIN_STEPS_MCDB =               4
STEPS_CRUNCH_MCDB =            1
SWEEPS_MCDB =                  50
TOTAL_STEP_CHANGES =                  6
MCBB_SECONDARY =                  1
SWEEPS_MCBB_SECONDARY =                  100
NUMBER_OF_BANGS =                  4
GROUND_E =                -2.00917
INITIAL_E =               -1.98806
j_initial =               0.125
k_initial =               0.5
b_initial =               0
j_target =                0.048
k_target =                0.5
b_target =                0
init_target_dot_squared = 0.989541
init_state = [-0.084551, 0, -0.696923, 0, -0.084551, 0, -0.084551, 0, -0.696923, 0, -0.084551, 0, ]
target_state = [-0.0337093, 0, -0.705498, 0, -0.0337093, 0, -0.0337093, 0, -0.705498, 0, -0.0337093, 0, ]
USE_ENERGY_DISTANCE =     false
PERIODIC =                false
UNIFORM_SITES =           true
DEVICE_DIMENSION =        2
MAX_PARAM =               1
MIN_PARAM =               0
MIN_PARAM =               0
DIAG =                    true
NUM_SEEDS =               2
NUMBER_OF_BANGS =               4
DISTANCE_LIMIT =          0.01
TAU_INIT =                0.05
MAX_TAU =                 5
TAU_SCALAR =              1.2
TAU_SCALAR_TINY =         1.1
TAU_SCALAR_BIG =          1.4
ACCEPTANCE_PROB =         0.85
TEMP_EXP_DECAY =          0.8
MIN_TEMP_FRACTION =       0.01
TEMP_DECAY_ITERATIONS =   21
ZERO_TEMP_ITREATIONS =    15
RANDOM_STATES =           3
END_PARAMETERS
##############################################################################
clock_duration  =         1.98287
tau =                     0.04375
total_steps =             32
time_step =               0.0015625
best_mc_result =          0.0100319
best_mc_result_non_secondary =          0
evolved_target_dot_squared =  0.989968
distance =          0.95916
j_protocol =  [[0, 0, 0, 0, 0, 0, 0, 0, 0, 0, 0, 0, 0, 0, 0, 0, 0, 0, 0, 0, 0, 0, 0, 0, 0, 0, 0, 0, 0, 0, 0, 0, ],[0, 0, 0, 0, 0, 0, 0, 0, 0, 0, 0, 0, 0, 0, 0, 0, 0, 0, 0, 0, 0, 0, 0, 0, 0, 0, 0, 0, 0, 0, 0, 0, ],]
k_protocol =  [[0, 0, 0, 0, 0, 0, 0, 0, 0, 0, 0, 0, 0, 0, 0, 0, 0, 0, 0, 0, 0, 0, 0, 0, 0, 0, 0, 0, 0, 0, 0, 0, ],[0, 0, 0, 0, 0, 0, 0, 0, 0, 0, 0, 0, 0, 0, 0, 0, 0, 0, 0, 0, 0, 0, 0, 0, 0, 0, 0, 0, 0, 0, 0, 0, ],]
j_protocol_secondary =  [0.022643, 0.022643, 0.0236012, 0.0236012, 0.0343712, 0.0403011, 0.0403011, 0.04375, ]
k_protocol_secondary =  [0, 0.0109857, 0.0109857, 0.011069, 0.011069, 0.0428257, 0.0428257, 0.0429245, ]
best_evolved_state = [-0.0824893, -0.0129111, -0.686384, -0.122205, -0.0824893, -0.0129111, -0.0824893, -0.0129111, -0.686384, -0.122205, -0.0824893, -0.0129111, ]
best_mc_result_fixed_tau =   [0.0099206, 0.0099206, ]
evolved_state_fixed_tau =   [[-0.0821929, -0.0128559, -0.684441, -0.133035, -0.0821929, -0.0128559, -0.0821929, -0.0128559, -0.684441, -0.133035, -0.0821929, -0.0128559, ],[-0.0821929, -0.0128559, -0.684441, -0.133035, -0.0821929, -0.0128559, -0.0821929, -0.0128559, -0.684441, -0.133035, -0.0821929, -0.0128559, ],]
