START_PARAMETERS
MAX_STEPS_MCDB =               32
MIN_STEPS_MCDB =               4
STEPS_CRUNCH_MCDB =            1
SWEEPS_MCDB =                  50
TOTAL_STEP_CHANGES =                  6
MCBB_SECONDARY =                  1
SWEEPS_MCBB_SECONDARY =                  100
NUMBER_OF_BANGS =                  4
GROUND_E =                -2.19144
INITIAL_E =               -2.16704
j_initial =               0.348
k_initial =               0.5
b_initial =               0
j_target =                0.229
k_target =                0.5
b_target =                0
init_target_dot_squared = 0.989761
init_state = [-0.189512, 0, -0.654347, 0, -0.189512, 0, -0.189512, 0, -0.654347, 0, -0.189512, 0, ]
target_state = [-0.141721, 0, -0.678108, 0, -0.141721, 0, -0.141721, 0, -0.678108, 0, -0.141721, 0, ]
USE_ENERGY_DISTANCE =     false
PERIODIC =                false
UNIFORM_SITES =           true
DEVICE_DIMENSION =        2
MAX_PARAM =               1
MIN_PARAM =               0
MIN_PARAM =               0
DIAG =                    true
NUM_SEEDS =               2
NUMBER_OF_BANGS =               4
DISTANCE_LIMIT =          0.01
TAU_INIT =                0.05
MAX_TAU =                 5
TAU_SCALAR =              1.2
TAU_SCALAR_TINY =         1.1
TAU_SCALAR_BIG =          1.4
ACCEPTANCE_PROB =         0.85
TEMP_EXP_DECAY =          0.8
MIN_TEMP_FRACTION =       0.01
TEMP_DECAY_ITERATIONS =   21
ZERO_TEMP_ITREATIONS =    15
RANDOM_STATES =           3
END_PARAMETERS
##############################################################################
clock_duration  =         1.9561
tau =                     0.025
total_steps =             32
time_step =               0.0015625
best_mc_result =          0.0099943
best_mc_result_non_secondary =          0
evolved_target_dot_squared =  0.990006
distance =          0.976139
j_protocol =  [[0, 0, 0, 0, 0, 0, 0, 0, 0, 0, 0, 0, 0, 0, 0, 0, 0, 0, 0, 0, 0, 0, 0, 0, 0, 0, 0, 0, 0, 0, 0, 0, ],[0, 0, 0, 0, 0, 0, 0, 0, 0, 0, 0, 0, 0, 0, 0, 0, 0, 0, 0, 0, 0, 0, 0, 0, 0, 0, 0, 0, 0, 0, 0, 0, ],]
k_protocol =  [[0, 0, 0, 0, 0, 0, 0, 0, 0, 0, 0, 0, 0, 0, 0, 0, 0, 0, 0, 0, 0, 0, 0, 0, 0, 0, 0, 0, 0, 0, 0, 0, ],[0, 0, 0, 0, 0, 0, 0, 0, 0, 0, 0, 0, 0, 0, 0, 0, 0, 0, 0, 0, 0, 0, 0, 0, 0, 0, 0, 0, 0, 0, 0, 0, ],]
j_protocol_secondary =  [0.00194481, 0.00194481, 0.00715808, 0.00715808, 0.0124144, 0.0243927, 0.0243927, 0.025, ]
k_protocol_secondary =  [0, 0.00210578, 0.00210578, 0.00225391, 0.00225391, 0.0161478, 0.0161478, 0.0210466, ]
best_evolved_state = [-0.188202, -0.0164215, -0.651504, -0.0645297, -0.188202, -0.0164215, -0.188202, -0.0164215, -0.651504, -0.0645297, -0.188202, -0.0164215, ]
best_mc_result_fixed_tau =   [0.00928539, 0.00928539, ]
evolved_state_fixed_tau =   [[-0.184382, -0.0323388, -0.643738, -0.124564, -0.184382, -0.0323388, -0.184382, -0.0323388, -0.643738, -0.124564, -0.184382, -0.0323388, ],[-0.184382, -0.0323388, -0.643738, -0.124564, -0.184382, -0.0323388, -0.184382, -0.0323388, -0.643738, -0.124564, -0.184382, -0.0323388, ],]
