START_PARAMETERS
MAX_STEPS_MCDB =               32
MIN_STEPS_MCDB =               4
STEPS_CRUNCH_MCDB =            1
SWEEPS_MCDB =                  50
TOTAL_STEP_CHANGES =                  6
MCBB_SECONDARY =                  1
SWEEPS_MCBB_SECONDARY =                  100
NUMBER_OF_BANGS =                  4
GROUND_E =                -2.03472
INITIAL_E =               -2.00153
j_initial =               0.712
k_initial =               0.125
b_initial =               0
j_target =                0.513
k_target =                0.25
b_target =                0
init_target_dot_squared = 0.989188
init_state = [0.33106, 0, 0.529905, 0, 0.33106, 0, 0.33106, 0, 0.529905, 0, 0.33106, 0, ]
target_state = [0.290303, 0, 0.575715, 0, 0.290303, 0, 0.290303, 0, 0.575715, 0, 0.290303, 0, ]
USE_ENERGY_DISTANCE =     false
PERIODIC =                false
UNIFORM_SITES =           true
DEVICE_DIMENSION =        2
MAX_PARAM =               1
MIN_PARAM =               0
MIN_PARAM =               0
DIAG =                    true
NUM_SEEDS =               2
NUMBER_OF_BANGS =               4
DISTANCE_LIMIT =          0.01
TAU_INIT =                0.05
MAX_TAU =                 5
TAU_SCALAR =              1.2
TAU_SCALAR_TINY =         1.1
TAU_SCALAR_BIG =          1.4
ACCEPTANCE_PROB =         0.85
TEMP_EXP_DECAY =          0.8
MIN_TEMP_FRACTION =       0.01
TEMP_DECAY_ITERATIONS =   21
ZERO_TEMP_ITREATIONS =    15
RANDOM_STATES =           3
END_PARAMETERS
##############################################################################
clock_duration  =         3.67202
tau =                     0.046875
total_steps =             32
time_step =               0.0015625
best_mc_result =          0.0100322
best_mc_result_non_secondary =          0
evolved_target_dot_squared =  0.989968
distance =          0.927842
j_protocol =  [[0, 0, 0, 0, 0, 0, 0, 0, 0, 0, 0, 0, 0, 0, 0, 0, 0, 0, 0, 0, 0, 0, 0, 0, 0, 0, 0, 0, 0, 0, 0, 0, ],[0, 0, 0, 0, 0, 0, 0, 0, 0, 0, 0, 0, 0, 0, 0, 0, 0, 0, 0, 0, 0, 0, 0, 0, 0, 0, 0, 0, 0, 0, 0, 0, ],]
k_protocol =  [[0, 0, 0, 0, 0, 0, 0, 0, 0, 0, 0, 0, 0, 0, 0, 0, 0, 0, 0, 0, 0, 0, 0, 0, 0, 0, 0, 0, 0, 0, 0, 0, ],[0, 0, 0, 0, 0, 0, 0, 0, 0, 0, 0, 0, 0, 0, 0, 0, 0, 0, 0, 0, 0, 0, 0, 0, 0, 0, 0, 0, 0, 0, 0, 0, ],]
j_protocol_secondary =  [0.00255038, 0.00805955, 0.00805955, 0.0130213, 0.0130213, 0.0193508, 0.0193508, 0.046875, ]
k_protocol_secondary =  [0, 0.00383444, 0.00383444, 0.0170267, 0.0243613, 0.0243613, 0.0264641, 0.0264641, ]
best_evolved_state = [0.325715, 0.0467272, 0.523972, 0.0943728, 0.325715, 0.0467272, 0.325715, 0.0467272, 0.523972, 0.0943728, 0.325715, 0.0467272, ]
best_mc_result_fixed_tau =   [0.00992953, 0.00992953, ]
evolved_state_fixed_tau =   [[0.324958, 0.0493747, 0.52313, 0.101311, 0.324958, 0.0493747, 0.324958, 0.0493747, 0.52313, 0.101311, 0.324958, 0.0493747, ],[0.324958, 0.0493747, 0.52313, 0.101311, 0.324958, 0.0493747, 0.324958, 0.0493747, 0.52313, 0.101311, 0.324958, 0.0493747, ],]
