START_PARAMETERS
MAX_STEPS_MCDB =               32
MIN_STEPS_MCDB =               4
STEPS_CRUNCH_MCDB =            1
SWEEPS_MCDB =                  50
TOTAL_STEP_CHANGES =                  6
MCBB_SECONDARY =                  1
SWEEPS_MCBB_SECONDARY =                  100
NUMBER_OF_BANGS =                  4
GROUND_E =                -2.36406
INITIAL_E =               -2.33645
j_initial =               0.215
k_initial =               0.5
b_initial =               0
j_target =                0.328
k_target =                0.5
b_target =                0
init_target_dot_squared = 0.989878
init_state = [-0.134898, 0, -0.680885, 0, -0.134898, 0, -0.134898, 0, -0.680885, 0, -0.134898, 0, ]
target_state = [-0.182653, 0, -0.658237, 0, -0.182653, 0, -0.182653, 0, -0.658237, 0, -0.182653, 0, ]
USE_ENERGY_DISTANCE =     false
PERIODIC =                false
UNIFORM_SITES =           true
DEVICE_DIMENSION =        2
MAX_PARAM =               1
MIN_PARAM =               0
MIN_PARAM =               0
DIAG =                    true
NUM_SEEDS =               2
NUMBER_OF_BANGS =               4
DISTANCE_LIMIT =          0.01
TAU_INIT =                0.05
MAX_TAU =                 5
TAU_SCALAR =              1.2
TAU_SCALAR_TINY =         1.1
TAU_SCALAR_BIG =          1.4
ACCEPTANCE_PROB =         0.85
TEMP_EXP_DECAY =          0.8
MIN_TEMP_FRACTION =       0.01
TEMP_DECAY_ITERATIONS =   21
ZERO_TEMP_ITREATIONS =    15
RANDOM_STATES =           3
END_PARAMETERS
##############################################################################
clock_duration  =         2.49412
tau =                     0.0125
total_steps =             32
time_step =               0.0015625
best_mc_result =          0.0100625
best_mc_result_non_secondary =          0
evolved_target_dot_squared =  0.989938
distance =          0.994092
j_protocol =  [[0, 0, 0, 0, 0, 0, 0, 0, 0, 0, 0, 0, 0, 0, 0, 0, 0, 0, 0, 0, 0, 0, 0, 0, 0, 0, 0, 0, 0, 0, 0, 0, ],[0, 0, 0, 0, 0, 0, 0, 0, 0, 0, 0, 0, 0, 0, 0, 0, 0, 0, 0, 0, 0, 0, 0, 0, 0, 0, 0, 0, 0, 0, 0, 0, ],]
k_protocol =  [[0, 0, 0, 0, 0, 0, 0, 0, 0, 0, 0, 0, 0, 0, 0, 0, 0, 0, 0, 0, 0, 0, 0, 0, 0, 0, 0, 0, 0, 0, 0, 0, ],[0, 0, 0, 0, 0, 0, 0, 0, 0, 0, 0, 0, 0, 0, 0, 0, 0, 0, 0, 0, 0, 0, 0, 0, 0, 0, 0, 0, 0, 0, 0, 0, ],]
j_protocol_secondary =  [0, 0.00203877, 0.00203877, 0.00291197, 0.00291197, 0.0060504, 0.00846559, 0.00846559, ]
k_protocol_secondary =  [0.00181805, 0.00349546, 0.00349546, 0.00517485, 0.00517485, 0.0115699, 0.0115699, 0.0125, ]
best_evolved_state = [-0.13483, -0.00823846, -0.680044, -0.0323426, -0.13483, -0.00823846, -0.13483, -0.00823846, -0.680044, -0.0323426, -0.13483, -0.00823846, ]
best_mc_result_fixed_tau =   [0.0091906, 0.00919165, ]
evolved_state_fixed_tau =   [[-0.133938, -0.0318724, -0.667872, -0.126635, -0.133938, -0.0318724, -0.133938, -0.0318724, -0.667872, -0.126635, -0.133938, -0.0318724, ],[-0.133605, -0.0339825, -0.666831, -0.131628, -0.133605, -0.0339825, -0.133605, -0.0339825, -0.666831, -0.131628, -0.133605, -0.0339825, ],]
