START_PARAMETERS
MAX_STEPS_MCDB =               32
MIN_STEPS_MCDB =               4
STEPS_CRUNCH_MCDB =            1
SWEEPS_MCDB =                  50
TOTAL_STEP_CHANGES =                  6
MCBB_SECONDARY =                  1
SWEEPS_MCBB_SECONDARY =                  100
NUMBER_OF_BANGS =                  4
GROUND_E =                -2.49519
INITIAL_E =               -2.46303
j_initial =               0.258
k_initial =               0.5
b_initial =               0
j_target =                0.393
k_target =                0.5
b_target =                0
init_target_dot_squared = 0.989245
init_state = [-0.155004, 0, -0.67227, 0, -0.155004, 0, -0.155004, 0, -0.67227, 0, -0.155004, 0, ]
target_state = [-0.203466, 0, -0.645912, 0, -0.203466, 0, -0.203466, 0, -0.645912, 0, -0.203466, 0, ]
USE_ENERGY_DISTANCE =     false
PERIODIC =                false
UNIFORM_SITES =           true
DEVICE_DIMENSION =        2
MAX_PARAM =               1
MIN_PARAM =               0
MIN_PARAM =               0
DIAG =                    true
NUM_SEEDS =               2
NUMBER_OF_BANGS =               4
DISTANCE_LIMIT =          0.01
TAU_INIT =                0.05
MAX_TAU =                 5
TAU_SCALAR =              1.2
TAU_SCALAR_TINY =         1.1
TAU_SCALAR_BIG =          1.4
ACCEPTANCE_PROB =         0.85
TEMP_EXP_DECAY =          0.8
MIN_TEMP_FRACTION =       0.01
TEMP_DECAY_ITERATIONS =   21
ZERO_TEMP_ITREATIONS =    15
RANDOM_STATES =           3
END_PARAMETERS
##############################################################################
clock_duration  =         3.30289
tau =                     0.04375
total_steps =             32
time_step =               0.0015625
best_mc_result =          0.00996967
best_mc_result_non_secondary =          0
evolved_target_dot_squared =  0.99003
distance =          0.927008
j_protocol =  [[0, 0, 0, 0, 0, 0, 0, 0, 0, 0, 0, 0, 0, 0, 0, 0, 0, 0, 0, 0, 0, 0, 0, 0, 0, 0, 0, 0, 0, 0, 0, 0, ],[0, 0, 0, 0, 0, 0, 0, 0, 0, 0, 0, 0, 0, 0, 0, 0, 0, 0, 0, 0, 0, 0, 0, 0, 0, 0, 0, 0, 0, 0, 0, 0, ],]
k_protocol =  [[0, 0, 0, 0, 0, 0, 0, 0, 0, 0, 0, 0, 0, 0, 0, 0, 0, 0, 0, 0, 0, 0, 0, 0, 0, 0, 0, 0, 0, 0, 0, 0, ],[0, 0, 0, 0, 0, 0, 0, 0, 0, 0, 0, 0, 0, 0, 0, 0, 0, 0, 0, 0, 0, 0, 0, 0, 0, 0, 0, 0, 0, 0, 0, 0, ],]
j_protocol_secondary =  [0, 0.0119877, 0.0119877, 0.0198766, 0.0198766, 0.0229221, 0.0229221, 0.0237527, ]
k_protocol_secondary =  [0.00265127, 0.00265127, 0.00808967, 0.0124388, 0.0124388, 0.0413125, 0.0413125, 0.04375, ]
best_evolved_state = [-0.153996, -0.0318906, -0.662147, -0.109991, -0.153996, -0.0318906, -0.153996, -0.0318906, -0.662147, -0.109991, -0.153996, -0.0318906, ]
best_mc_result_fixed_tau =   [0.0097417, 0.00973727, ]
evolved_state_fixed_tau =   [[-0.153571, -0.0377381, -0.65892, -0.125728, -0.153571, -0.0377381, -0.153571, -0.0377381, -0.65892, -0.125728, -0.153571, -0.0377381, ],[-0.153774, -0.0356515, -0.659236, -0.124792, -0.153774, -0.0356515, -0.153774, -0.0356515, -0.659236, -0.124792, -0.153774, -0.0356515, ],]
