START_PARAMETERS
MAX_STEPS_MCDB =               32
MIN_STEPS_MCDB =               4
STEPS_CRUNCH_MCDB =            1
SWEEPS_MCDB =                  50
TOTAL_STEP_CHANGES =                  6
MCBB_SECONDARY =                  1
SWEEPS_MCBB_SECONDARY =                  100
NUMBER_OF_BANGS =                  4
GROUND_E =                -2.10837
INITIAL_E =               -2.08525
j_initial =               0.087
k_initial =               0.5
b_initial =               0
j_target =                0.169
k_target =                0.5
b_target =                0
init_target_dot_squared = 0.989569
init_state = [-0.0601736, 0, -0.701967, 0, -0.0601736, 0, -0.0601736, 0, -0.701967, 0, -0.0601736, 0, ]
target_state = [-0.110553, 0, -0.689606, 0, -0.110553, 0, -0.110553, 0, -0.689606, 0, -0.110553, 0, ]
USE_ENERGY_DISTANCE =     false
PERIODIC =                false
UNIFORM_SITES =           true
DEVICE_DIMENSION =        2
MAX_PARAM =               1
MIN_PARAM =               0
MIN_PARAM =               0
DIAG =                    true
NUM_SEEDS =               2
NUMBER_OF_BANGS =               4
DISTANCE_LIMIT =          0.01
TAU_INIT =                0.05
MAX_TAU =                 5
TAU_SCALAR =              1.2
TAU_SCALAR_TINY =         1.1
TAU_SCALAR_BIG =          1.4
ACCEPTANCE_PROB =         0.85
TEMP_EXP_DECAY =          0.8
MIN_TEMP_FRACTION =       0.01
TEMP_DECAY_ITERATIONS =   21
ZERO_TEMP_ITREATIONS =    15
RANDOM_STATES =           3
END_PARAMETERS
##############################################################################
clock_duration  =         1.77479
tau =                     0.0375
total_steps =             32
time_step =               0.0015625
best_mc_result =          0.0100436
best_mc_result_non_secondary =          0
evolved_target_dot_squared =  0.989956
distance =          0.962895
j_protocol =  [[0, 0, 0, 0, 0, 0, 0, 0, 0, 0, 0, 0, 0, 0, 0, 0, 0, 0, 0, 0, 0, 0, 0, 0, 0, 0, 0, 0, 0, 0, 0, 0, ],[0, 0, 0, 0, 0, 0, 0, 0, 0, 0, 0, 0, 0, 0, 0, 0, 0, 0, 0, 0, 0, 0, 0, 0, 0, 0, 0, 0, 0, 0, 0, 0, ],]
k_protocol =  [[0, 0, 0, 0, 0, 0, 0, 0, 0, 0, 0, 0, 0, 0, 0, 0, 0, 0, 0, 0, 0, 0, 0, 0, 0, 0, 0, 0, 0, 0, 0, 0, ],[0, 0, 0, 0, 0, 0, 0, 0, 0, 0, 0, 0, 0, 0, 0, 0, 0, 0, 0, 0, 0, 0, 0, 0, 0, 0, 0, 0, 0, 0, 0, 0, ],]
j_protocol_secondary =  [0, 0.00173194, 0.00173194, 0.0106348, 0.0292534, 0.0292534, 0.0353355, 0.0353355, ]
k_protocol_secondary =  [0.00157633, 0.00502558, 0.00502558, 0.0339302, 0.0339302, 0.0342492, 0.0342492, 0.0375, ]
best_evolved_state = [-0.0599161, -0.0149252, -0.694091, -0.103019, -0.0599161, -0.0149252, -0.0599161, -0.0149252, -0.694091, -0.103019, -0.0599161, -0.0149252, ]
best_mc_result_fixed_tau =   [0.00974884, 0.00976486, ]
evolved_state_fixed_tau =   [[-0.0596875, -0.0197295, -0.687709, -0.138394, -0.0596875, -0.0197295, -0.0596875, -0.0197295, -0.687709, -0.138394, -0.0596875, -0.0197295, ],[-0.0596875, -0.0197295, -0.687709, -0.138394, -0.0596875, -0.0197295, -0.0596875, -0.0197295, -0.687709, -0.138394, -0.0596875, -0.0197295, ],]
