START_PARAMETERS
MAX_STEPS_MCDB =               32
MIN_STEPS_MCDB =               4
STEPS_CRUNCH_MCDB =            1
SWEEPS_MCDB =                  50
TOTAL_STEP_CHANGES =                  6
MCBB_SECONDARY =                  1
SWEEPS_MCBB_SECONDARY =                  100
NUMBER_OF_BANGS =                  4
GROUND_E =                -2.03472
INITIAL_E =               -2.00348
j_initial =               0.598
k_initial =               0.5
b_initial =               0
j_target =                0.513
k_target =                0.25
b_target =                0
init_target_dot_squared = 0.989824
init_state = [-0.247757, 0, -0.614193, 0, -0.247757, 0, -0.247757, 0, -0.614193, 0, -0.247757, 0, ]
target_state = [0.290303, 0, 0.575715, 0, 0.290303, 0, 0.290303, 0, 0.575715, 0, 0.290303, 0, ]
USE_ENERGY_DISTANCE =     false
PERIODIC =                false
UNIFORM_SITES =           true
DEVICE_DIMENSION =        2
MAX_PARAM =               1
MIN_PARAM =               0
MIN_PARAM =               0
DIAG =                    true
NUM_SEEDS =               2
NUMBER_OF_BANGS =               4
DISTANCE_LIMIT =          0.01
TAU_INIT =                0.05
MAX_TAU =                 5
TAU_SCALAR =              1.2
TAU_SCALAR_TINY =         1.1
TAU_SCALAR_BIG =          1.4
ACCEPTANCE_PROB =         0.85
TEMP_EXP_DECAY =          0.8
MIN_TEMP_FRACTION =       0.01
TEMP_DECAY_ITERATIONS =   21
ZERO_TEMP_ITREATIONS =    15
RANDOM_STATES =           3
END_PARAMETERS
##############################################################################
clock_duration  =         1.89759
tau =                     0.025
total_steps =             32
time_step =               0.0015625
best_mc_result =          0.00991304
best_mc_result_non_secondary =          0
evolved_target_dot_squared =  0.990087
distance =          0.974191
j_protocol =  [[0, 0, 0, 0, 0, 0, 0, 0, 0, 0, 0, 0, 0, 0, 0, 0, 0, 0, 0, 0, 0, 0, 0, 0, 0, 0, 0, 0, 0, 0, 0, 0, ],[0, 0, 0, 0, 0, 0, 0, 0, 0, 0, 0, 0, 0, 0, 0, 0, 0, 0, 0, 0, 0, 0, 0, 0, 0, 0, 0, 0, 0, 0, 0, 0, ],]
k_protocol =  [[0, 0, 0, 0, 0, 0, 0, 0, 0, 0, 0, 0, 0, 0, 0, 0, 0, 0, 0, 0, 0, 0, 0, 0, 0, 0, 0, 0, 0, 0, 0, 0, ],[0, 0, 0, 0, 0, 0, 0, 0, 0, 0, 0, 0, 0, 0, 0, 0, 0, 0, 0, 0, 0, 0, 0, 0, 0, 0, 0, 0, 0, 0, 0, 0, ],]
j_protocol_secondary =  [0, 0.00327883, 0.00327883, 0.00432204, 0.00432204, 0.00586269, 0.00586269, 0.0204576, ]
k_protocol_secondary =  [0.0111445, 0.0112375, 0.0112375, 0.0197291, 0.0197291, 0.0236296, 0.0236296, 0.025, ]
best_evolved_state = [-0.24713, -0.0251082, -0.611272, -0.0542166, -0.24713, -0.0251082, -0.24713, -0.0251082, -0.611272, -0.0542166, -0.24713, -0.0251082, ]
best_mc_result_fixed_tau =   [0.00914866, 0.00914866, ]
evolved_state_fixed_tau =   [[-0.245264, -0.0497328, -0.602459, -0.108572, -0.245264, -0.0497328, -0.245264, -0.0497328, -0.602459, -0.108572, -0.245264, -0.0497328, ],[-0.245264, -0.0497328, -0.602459, -0.108572, -0.245264, -0.0497328, -0.245264, -0.0497328, -0.602459, -0.108572, -0.245264, -0.0497328, ],]
