START_PARAMETERS
MAX_STEPS_MCDB =               32
MIN_STEPS_MCDB =               4
STEPS_CRUNCH_MCDB =            1
SWEEPS_MCDB =                  50
TOTAL_STEP_CHANGES =                  6
MCBB_SECONDARY =                  1
SWEEPS_MCBB_SECONDARY =                  100
NUMBER_OF_BANGS =                  4
GROUND_E =                -2.44748
INITIAL_E =               -2.41689
j_initial =               0.243
k_initial =               0.5
b_initial =               0
j_target =                0.37
k_target =                0.5
b_target =                0
init_target_dot_squared = 0.989432
init_state = [-0.148275, 0, -0.675299, 0, -0.148275, 0, -0.148275, 0, -0.675299, 0, -0.148275, 0, ]
target_state = [-0.196578, 0, -0.650165, 0, -0.196578, 0, -0.196578, 0, -0.650165, 0, -0.196578, 0, ]
USE_ENERGY_DISTANCE =     false
PERIODIC =                false
UNIFORM_SITES =           true
DEVICE_DIMENSION =        2
MAX_PARAM =               1
MIN_PARAM =               0
MIN_PARAM =               0
DIAG =                    true
NUM_SEEDS =               2
NUMBER_OF_BANGS =               4
DISTANCE_LIMIT =          0.01
TAU_INIT =                0.05
MAX_TAU =                 5
TAU_SCALAR =              1.2
TAU_SCALAR_TINY =         1.1
TAU_SCALAR_BIG =          1.4
ACCEPTANCE_PROB =         0.85
TEMP_EXP_DECAY =          0.8
MIN_TEMP_FRACTION =       0.01
TEMP_DECAY_ITERATIONS =   21
ZERO_TEMP_ITREATIONS =    15
RANDOM_STATES =           3
END_PARAMETERS
##############################################################################
clock_duration  =         2.51307
tau =                     0.0375
total_steps =             32
time_step =               0.0015625
best_mc_result =          0.0100032
best_mc_result_non_secondary =          0
evolved_target_dot_squared =  0.989997
distance =          0.946539
j_protocol =  [[0, 0, 0, 0, 0, 0, 0, 0, 0, 0, 0, 0, 0, 0, 0, 0, 0, 0, 0, 0, 0, 0, 0, 0, 0, 0, 0, 0, 0, 0, 0, 0, ],[0, 0, 0, 0, 0, 0, 0, 0, 0, 0, 0, 0, 0, 0, 0, 0, 0, 0, 0, 0, 0, 0, 0, 0, 0, 0, 0, 0, 0, 0, 0, 0, ],]
k_protocol =  [[0, 0, 0, 0, 0, 0, 0, 0, 0, 0, 0, 0, 0, 0, 0, 0, 0, 0, 0, 0, 0, 0, 0, 0, 0, 0, 0, 0, 0, 0, 0, 0, ],[0, 0, 0, 0, 0, 0, 0, 0, 0, 0, 0, 0, 0, 0, 0, 0, 0, 0, 0, 0, 0, 0, 0, 0, 0, 0, 0, 0, 0, 0, 0, 0, ],]
j_protocol_secondary =  [0, 0.000212963, 0.000212963, 0.0154635, 0.0154635, 0.01962, 0.0367027, 0.0367027, ]
k_protocol_secondary =  [0.000479051, 0.000479051, 0.00640927, 0.00898273, 0.00898273, 0.0102712, 0.0102712, 0.0375, ]
best_evolved_state = [-0.147576, -0.0264723, -0.667813, -0.09522, -0.147576, -0.0264723, -0.147576, -0.0264723, -0.667813, -0.09522, -0.147576, -0.0264723, ]
best_mc_result_fixed_tau =   [0.00957648, 0.00957648, ]
evolved_state_fixed_tau =   [[-0.146909, -0.0358061, -0.66159, -0.128725, -0.146909, -0.0358061, -0.146909, -0.0358061, -0.66159, -0.128725, -0.146909, -0.0358061, ],[-0.146909, -0.0358061, -0.66159, -0.128725, -0.146909, -0.0358061, -0.146909, -0.0358061, -0.66159, -0.128725, -0.146909, -0.0358061, ],]
