START_PARAMETERS
MAX_STEPS_MCDB =               32
MIN_STEPS_MCDB =               4
STEPS_CRUNCH_MCDB =            1
SWEEPS_MCDB =                  50
TOTAL_STEP_CHANGES =                  6
MCBB_SECONDARY =                  1
SWEEPS_MCBB_SECONDARY =                  100
NUMBER_OF_BANGS =                  4
GROUND_E =                -1.94858
INITIAL_E =               -1.91377
j_initial =               0.967
k_initial =               0.5
b_initial =               0
j_target =                0.594
k_target =                0.125
b_target =                0
init_target_dot_squared = 0.989753
init_state = [0.28649, 0, 0.579523, 0, 0.28649, 0, 0.28649, 0, 0.579523, 0, 0.28649, 0, ]
target_state = [0.3265, 0, 0.535533, 0, 0.3265, 0, 0.3265, 0, 0.535533, 0, 0.3265, 0, ]
USE_ENERGY_DISTANCE =     false
PERIODIC =                false
UNIFORM_SITES =           true
DEVICE_DIMENSION =        2
MAX_PARAM =               1
MIN_PARAM =               0
MIN_PARAM =               0
DIAG =                    true
NUM_SEEDS =               2
NUMBER_OF_BANGS =               4
DISTANCE_LIMIT =          0.01
TAU_INIT =                0.05
MAX_TAU =                 5
TAU_SCALAR =              1.2
TAU_SCALAR_TINY =         1.1
TAU_SCALAR_BIG =          1.4
ACCEPTANCE_PROB =         0.85
TEMP_EXP_DECAY =          0.8
MIN_TEMP_FRACTION =       0.01
TEMP_DECAY_ITERATIONS =   21
ZERO_TEMP_ITREATIONS =    15
RANDOM_STATES =           3
END_PARAMETERS
##############################################################################
clock_duration  =         1.83503
tau =                     0.025
total_steps =             32
time_step =               0.0015625
best_mc_result =          0.010022
best_mc_result_non_secondary =          0
evolved_target_dot_squared =  0.989978
distance =          0.978035
j_protocol =  [[0, 0, 0, 0, 0, 0, 0, 0, 0, 0, 0, 0, 0, 0, 0, 0, 0, 0, 0, 0, 0, 0, 0, 0, 0, 0, 0, 0, 0, 0, 0, 0, ],[0, 0, 0, 0, 0, 0, 0, 0, 0, 0, 0, 0, 0, 0, 0, 0, 0, 0, 0, 0, 0, 0, 0, 0, 0, 0, 0, 0, 0, 0, 0, 0, ],]
k_protocol =  [[0, 0, 0, 0, 0, 0, 0, 0, 0, 0, 0, 0, 0, 0, 0, 0, 0, 0, 0, 0, 0, 0, 0, 0, 0, 0, 0, 0, 0, 0, 0, 0, ],[0, 0, 0, 0, 0, 0, 0, 0, 0, 0, 0, 0, 0, 0, 0, 0, 0, 0, 0, 0, 0, 0, 0, 0, 0, 0, 0, 0, 0, 0, 0, 0, ],]
j_protocol_secondary =  [0, 0.00867189, 0.00867189, 0.0153674, 0.0153674, 0.0222733, 0.0222733, 0.0233253, ]
k_protocol_secondary =  [0.0153827, 0.0187292, 0.0187292, 0.019917, 0.019917, 0.0231839, 0.0231839, 0.025, ]
best_evolved_state = [0.285721, 0.0270087, 0.576951, 0.0489452, 0.285721, 0.0270087, 0.285721, 0.0270087, 0.576951, 0.0489452, 0.285721, 0.0270087, ]
best_mc_result_fixed_tau =   [0.00936444, 0.00936444, ]
evolved_state_fixed_tau =   [[0.283414, 0.0541188, 0.56936, 0.0965638, 0.283414, 0.0541188, 0.283414, 0.0541188, 0.56936, 0.0965638, 0.283414, 0.0541188, ],[0.283414, 0.0541188, 0.56936, 0.0965638, 0.283414, 0.0541188, 0.283414, 0.0541188, 0.56936, 0.0965638, 0.283414, 0.0541188, ],]
