START_PARAMETERS
MAX_STEPS_MCDB =               32
MIN_STEPS_MCDB =               4
STEPS_CRUNCH_MCDB =            1
SWEEPS_MCDB =                  50
TOTAL_STEP_CHANGES =                  6
MCBB_SECONDARY =                  1
SWEEPS_MCBB_SECONDARY =                  100
NUMBER_OF_BANGS =                  4
GROUND_E =                -3.76394
INITIAL_E =               -3.70661
j_initial =               0.527
k_initial =               0.125
b_initial =               0
j_target =                0.911
k_target =                0.5
b_target =                0
init_target_dot_squared = 0.989629
init_state = [0.322992, 0, 0.539771, 0, 0.322992, 0, 0.322992, 0, 0.539771, 0, 0.322992, 0, ]
target_state = [0.282444, 0, 0.583481, 0, 0.282444, 0, 0.282444, 0, 0.583481, 0, 0.282444, 0, ]
USE_ENERGY_DISTANCE =     false
PERIODIC =                false
UNIFORM_SITES =           true
DEVICE_DIMENSION =        2
MAX_PARAM =               1
MIN_PARAM =               0
MIN_PARAM =               0
DIAG =                    true
NUM_SEEDS =               2
NUMBER_OF_BANGS =               4
DISTANCE_LIMIT =          0.01
TAU_INIT =                0.05
MAX_TAU =                 5
TAU_SCALAR =              1.2
TAU_SCALAR_TINY =         1.1
TAU_SCALAR_BIG =          1.4
ACCEPTANCE_PROB =         0.85
TEMP_EXP_DECAY =          0.8
MIN_TEMP_FRACTION =       0.01
TEMP_DECAY_ITERATIONS =   21
ZERO_TEMP_ITREATIONS =    15
RANDOM_STATES =           3
END_PARAMETERS
##############################################################################
clock_duration  =         5.18503
tau =                     0.03125
total_steps =             32
time_step =               0.0015625
best_mc_result =          0.0100084
best_mc_result_non_secondary =          0
evolved_target_dot_squared =  0.989992
distance =          0.965063
j_protocol =  [[0, 0, 0, 0, 0, 0, 0, 0, 0, 0, 0, 0, 0, 0, 0, 0, 0, 0, 0, 0, 0, 0, 0, 0, 0, 0, 0, 0, 0, 0, 0, 0, ],[0, 0, 0, 0, 0, 0, 0, 0, 0, 0, 0, 0, 0, 0, 0, 0, 0, 0, 0, 0, 0, 0, 0, 0, 0, 0, 0, 0, 0, 0, 0, 0, ],]
k_protocol =  [[0, 0, 0, 0, 0, 0, 0, 0, 0, 0, 0, 0, 0, 0, 0, 0, 0, 0, 0, 0, 0, 0, 0, 0, 0, 0, 0, 0, 0, 0, 0, 0, ],[0, 0, 0, 0, 0, 0, 0, 0, 0, 0, 0, 0, 0, 0, 0, 0, 0, 0, 0, 0, 0, 0, 0, 0, 0, 0, 0, 0, 0, 0, 0, 0, ],]
j_protocol_secondary =  [0.00242611, 0.00617074, 0.00617074, 0.015089, 0.015089, 0.0198576, 0.0198576, 0.03125, ]
k_protocol_secondary =  [0, 0.003211, 0.003211, 0.0126228, 0.0280253, 0.0280253, 0.0298921, 0.0298921, ]
best_evolved_state = [0.320574, 0.0310389, 0.537023, 0.0643661, 0.320574, 0.0310389, 0.320574, 0.0310389, 0.537023, 0.0643661, 0.320574, 0.0310389, ]
best_mc_result_fixed_tau =   [0.00945808, 0.00946342, ]
evolved_state_fixed_tau =   [[0.316697, 0.050272, 0.532504, 0.10388, 0.316697, 0.050272, 0.316697, 0.050272, 0.532504, 0.10388, 0.316697, 0.050272, ],[0.316707, 0.0502725, 0.532491, 0.10388, 0.316707, 0.0502725, 0.316707, 0.0502725, 0.532491, 0.10388, 0.316707, 0.0502725, ],]
