START_PARAMETERS
MAX_STEPS_MCDB =               32
MIN_STEPS_MCDB =               4
STEPS_CRUNCH_MCDB =            1
SWEEPS_MCDB =                  50
TOTAL_STEP_CHANGES =                  6
MCBB_SECONDARY =                  1
SWEEPS_MCBB_SECONDARY =                  100
NUMBER_OF_BANGS =                  4
GROUND_E =                -2.52287
INITIAL_E =               -2.48149
j_initial =               0.929
k_initial =               0.062
b_initial =               0
j_target =                0.693
k_target =                0.25
b_target =                0
init_target_dot_squared = 0.989773
init_state = [0.34512, 0, 0.511649, 0, 0.34512, 0, 0.34512, 0, 0.511649, 0, 0.34512, 0, ]
target_state = [-0.306763, 0, -0.558385, 0, -0.306763, 0, -0.306763, 0, -0.558385, 0, -0.306763, 0, ]
USE_ENERGY_DISTANCE =     false
PERIODIC =                false
UNIFORM_SITES =           true
DEVICE_DIMENSION =        2
MAX_PARAM =               1
MIN_PARAM =               0
MIN_PARAM =               0
DIAG =                    true
NUM_SEEDS =               2
NUMBER_OF_BANGS =               4
DISTANCE_LIMIT =          0.01
TAU_INIT =                0.05
MAX_TAU =                 5
TAU_SCALAR =              1.2
TAU_SCALAR_TINY =         1.1
TAU_SCALAR_BIG =          1.4
ACCEPTANCE_PROB =         0.85
TEMP_EXP_DECAY =          0.8
MIN_TEMP_FRACTION =       0.01
TEMP_DECAY_ITERATIONS =   21
ZERO_TEMP_ITREATIONS =    15
RANDOM_STATES =           3
END_PARAMETERS
##############################################################################
clock_duration  =         1.46699
tau =                     0.025
total_steps =             32
time_step =               0.0015625
best_mc_result =          0.0100429
best_mc_result_non_secondary =          0
evolved_target_dot_squared =  0.989957
distance =          0.981975
j_protocol =  [[0, 0, 0, 0, 0, 0, 0, 0, 0, 0, 0, 0, 0, 0, 0, 0, 0, 0, 0, 0, 0, 0, 0, 0, 0, 0, 0, 0, 0, 0, 0, 0, ],[0, 0, 0, 0, 0, 0, 0, 0, 0, 0, 0, 0, 0, 0, 0, 0, 0, 0, 0, 0, 0, 0, 0, 0, 0, 0, 0, 0, 0, 0, 0, 0, ],]
k_protocol =  [[0, 0, 0, 0, 0, 0, 0, 0, 0, 0, 0, 0, 0, 0, 0, 0, 0, 0, 0, 0, 0, 0, 0, 0, 0, 0, 0, 0, 0, 0, 0, 0, ],[0, 0, 0, 0, 0, 0, 0, 0, 0, 0, 0, 0, 0, 0, 0, 0, 0, 0, 0, 0, 0, 0, 0, 0, 0, 0, 0, 0, 0, 0, 0, 0, ],]
j_protocol_secondary =  [0.000440331, 0.00268006, 0.00268006, 0.0224927, 0.0224927, 0.0246269, 0.0246269, 0.025, ]
k_protocol_secondary =  [0, 0.00257563, 0.00257563, 0.0069332, 0.00732773, 0.00732773, 0.0235059, 0.0235059, ]
best_evolved_state = [0.343677, 0.0250989, 0.510102, 0.0480362, 0.343677, 0.0250989, 0.343677, 0.0250989, 0.510102, 0.0480362, 0.343677, 0.0250989, ]
best_mc_result_fixed_tau =   [0.00950784, 0.00951176, ]
evolved_state_fixed_tau =   [[0.339436, 0.0493109, 0.505609, 0.0951984, 0.339436, 0.0493109, 0.339436, 0.0493109, 0.505609, 0.0951984, 0.339436, 0.0493109, ],[0.339436, 0.0493109, 0.505609, 0.0951984, 0.339436, 0.0493109, 0.339436, 0.0493109, 0.505609, 0.0951984, 0.339436, 0.0493109, ],]
