START_PARAMETERS
MAX_STEPS_MCDB =               32
MIN_STEPS_MCDB =               4
STEPS_CRUNCH_MCDB =            1
SWEEPS_MCDB =                  50
TOTAL_STEP_CHANGES =                  6
MCBB_SECONDARY =                  1
SWEEPS_MCBB_SECONDARY =                  100
NUMBER_OF_BANGS =                  4
GROUND_E =                -2.802
INITIAL_E =               -2.76426
j_initial =               0.348
k_initial =               0.5
b_initial =               0
j_target =                0.53
k_target =                0.5
b_target =                0
init_target_dot_squared = 0.989528
init_state = [-0.189512, 0, -0.654347, 0, -0.189512, 0, -0.189512, 0, -0.654347, 0, -0.189512, 0, ]
target_state = [-0.235866, 0, -0.623486, 0, -0.235866, 0, -0.235866, 0, -0.623486, 0, -0.235866, 0, ]
USE_ENERGY_DISTANCE =     false
PERIODIC =                false
UNIFORM_SITES =           true
DEVICE_DIMENSION =        2
MAX_PARAM =               1
MIN_PARAM =               0
MIN_PARAM =               0
DIAG =                    true
NUM_SEEDS =               2
NUMBER_OF_BANGS =               4
DISTANCE_LIMIT =          0.01
TAU_INIT =                0.05
MAX_TAU =                 5
TAU_SCALAR =              1.2
TAU_SCALAR_TINY =         1.1
TAU_SCALAR_BIG =          1.4
ACCEPTANCE_PROB =         0.85
TEMP_EXP_DECAY =          0.8
MIN_TEMP_FRACTION =       0.01
TEMP_DECAY_ITERATIONS =   21
ZERO_TEMP_ITREATIONS =    15
RANDOM_STATES =           3
END_PARAMETERS
##############################################################################
clock_duration  =         3.18562
tau =                     0.03125
total_steps =             32
time_step =               0.0015625
best_mc_result =          0.0100505
best_mc_result_non_secondary =          0
evolved_target_dot_squared =  0.98995
distance =          0.959753
j_protocol =  [[0, 0, 0, 0, 0, 0, 0, 0, 0, 0, 0, 0, 0, 0, 0, 0, 0, 0, 0, 0, 0, 0, 0, 0, 0, 0, 0, 0, 0, 0, 0, 0, ],[0, 0, 0, 0, 0, 0, 0, 0, 0, 0, 0, 0, 0, 0, 0, 0, 0, 0, 0, 0, 0, 0, 0, 0, 0, 0, 0, 0, 0, 0, 0, 0, ],]
k_protocol =  [[0, 0, 0, 0, 0, 0, 0, 0, 0, 0, 0, 0, 0, 0, 0, 0, 0, 0, 0, 0, 0, 0, 0, 0, 0, 0, 0, 0, 0, 0, 0, 0, ],[0, 0, 0, 0, 0, 0, 0, 0, 0, 0, 0, 0, 0, 0, 0, 0, 0, 0, 0, 0, 0, 0, 0, 0, 0, 0, 0, 0, 0, 0, 0, 0, ],]
j_protocol_secondary =  [0, 0.0154618, 0.0154618, 0.0200692, 0.0238265, 0.0238265, 0.0243667, 0.0243667, ]
k_protocol_secondary =  [0.00787403, 0.00787403, 0.00823986, 0.0243761, 0.0243761, 0.0297582, 0.0297582, 0.03125, ]
best_evolved_state = [-0.188841, -0.0262394, -0.649341, -0.0752195, -0.188841, -0.0262394, -0.188841, -0.0262394, -0.649341, -0.0752195, -0.188841, -0.0262394, ]
best_mc_result_fixed_tau =   [0.00941843, 0.00941843, ]
evolved_state_fixed_tau =   [[-0.187607, -0.0428267, -0.64112, -0.122082, -0.187607, -0.0428267, -0.187607, -0.0428267, -0.64112, -0.122082, -0.187607, -0.0428267, ],[-0.187607, -0.0428267, -0.64112, -0.122082, -0.187607, -0.0428267, -0.187607, -0.0428267, -0.64112, -0.122082, -0.187607, -0.0428267, ],]
