START_PARAMETERS
MAX_STEPS_MCDB =               32
MIN_STEPS_MCDB =               4
STEPS_CRUNCH_MCDB =            1
SWEEPS_MCDB =                  50
TOTAL_STEP_CHANGES =                  6
MCBB_SECONDARY =                  1
SWEEPS_MCBB_SECONDARY =                  100
NUMBER_OF_BANGS =                  4
GROUND_E =                -2.0023
INITIAL_E =               -1.9818
j_initial =               0.098
k_initial =               0.5
b_initial =               0
j_target =                0.024
k_target =                0.5
b_target =                0
init_target_dot_squared = 0.989771
init_state = [-0.0673936, 0, -0.700654, 0, -0.0673936, 0, -0.0673936, 0, -0.700654, 0, -0.0673936, 0, ]
target_state = [0.0169413, 0, 0.706701, 0, 0.0169413, 0, 0.0169413, 0, 0.706701, 0, 0.0169413, 0, ]
USE_ENERGY_DISTANCE =     false
PERIODIC =                false
UNIFORM_SITES =           true
DEVICE_DIMENSION =        2
MAX_PARAM =               1
MIN_PARAM =               0
MIN_PARAM =               0
DIAG =                    true
NUM_SEEDS =               2
NUMBER_OF_BANGS =               4
DISTANCE_LIMIT =          0.01
TAU_INIT =                0.05
MAX_TAU =                 5
TAU_SCALAR =              1.2
TAU_SCALAR_TINY =         1.1
TAU_SCALAR_BIG =          1.4
ACCEPTANCE_PROB =         0.85
TEMP_EXP_DECAY =          0.8
MIN_TEMP_FRACTION =       0.01
TEMP_DECAY_ITERATIONS =   21
ZERO_TEMP_ITREATIONS =    15
RANDOM_STATES =           3
END_PARAMETERS
##############################################################################
clock_duration  =         2.38927
tau =                     0.0375
total_steps =             32
time_step =               0.0015625
best_mc_result =          0.00997024
best_mc_result_non_secondary =          0
evolved_target_dot_squared =  0.99003
distance =          0.974746
j_protocol =  [[0, 0, 0, 0, 0, 0, 0, 0, 0, 0, 0, 0, 0, 0, 0, 0, 0, 0, 0, 0, 0, 0, 0, 0, 0, 0, 0, 0, 0, 0, 0, 0, ],[0, 0, 0, 0, 0, 0, 0, 0, 0, 0, 0, 0, 0, 0, 0, 0, 0, 0, 0, 0, 0, 0, 0, 0, 0, 0, 0, 0, 0, 0, 0, 0, ],]
k_protocol =  [[0, 0, 0, 0, 0, 0, 0, 0, 0, 0, 0, 0, 0, 0, 0, 0, 0, 0, 0, 0, 0, 0, 0, 0, 0, 0, 0, 0, 0, 0, 0, 0, ],[0, 0, 0, 0, 0, 0, 0, 0, 0, 0, 0, 0, 0, 0, 0, 0, 0, 0, 0, 0, 0, 0, 0, 0, 0, 0, 0, 0, 0, 0, 0, 0, ],]
j_protocol_secondary =  [0.00606383, 0.00606383, 0.0292428, 0.0292428, 0.0311275, 0.0340454, 0.0340454, 0.0375, ]
k_protocol_secondary =  [0, 0.0173343, 0.0173343, 0.0179062, 0.0179062, 0.0301155, 0.0301155, 0.0372102, ]
best_evolved_state = [-0.0661611, -0.00884512, -0.692775, -0.105603, -0.0661611, -0.00884512, -0.0661611, -0.00884512, -0.692775, -0.105603, -0.0661611, -0.00884512, ]
best_mc_result_fixed_tau =   [0.00977641, 0.00977641, ]
evolved_state_fixed_tau =   [[-0.0653703, -0.0107607, -0.686487, -0.141272, -0.0653703, -0.0107607, -0.0653703, -0.0107607, -0.686487, -0.141272, -0.0653703, -0.0107607, ],[-0.0653703, -0.0107607, -0.686487, -0.141272, -0.0653703, -0.0107607, -0.0653703, -0.0107607, -0.686487, -0.141272, -0.0653703, -0.0107607, ],]
