START_PARAMETERS
MAX_STEPS_MCDB =               32
MIN_STEPS_MCDB =               4
STEPS_CRUNCH_MCDB =            1
SWEEPS_MCDB =                  50
TOTAL_STEP_CHANGES =                  6
MCBB_SECONDARY =                  1
SWEEPS_MCBB_SECONDARY =                  100
NUMBER_OF_BANGS =                  4
GROUND_E =                -2.21342
INITIAL_E =               -2.18777
j_initial =               0.37
k_initial =               0.5
b_initial =               0
j_target =                0.243
k_target =                0.5
b_target =                0
init_target_dot_squared = 0.989432
init_state = [-0.196578, 0, -0.650165, 0, -0.196578, 0, -0.196578, 0, -0.650165, 0, -0.196578, 0, ]
target_state = [-0.148275, 0, -0.675299, 0, -0.148275, 0, -0.148275, 0, -0.675299, 0, -0.148275, 0, ]
USE_ENERGY_DISTANCE =     false
PERIODIC =                false
UNIFORM_SITES =           true
DEVICE_DIMENSION =        2
MAX_PARAM =               1
MIN_PARAM =               0
MIN_PARAM =               0
DIAG =                    true
NUM_SEEDS =               2
NUMBER_OF_BANGS =               4
DISTANCE_LIMIT =          0.01
TAU_INIT =                0.05
MAX_TAU =                 5
TAU_SCALAR =              1.2
TAU_SCALAR_TINY =         1.1
TAU_SCALAR_BIG =          1.4
ACCEPTANCE_PROB =         0.85
TEMP_EXP_DECAY =          0.8
MIN_TEMP_FRACTION =       0.01
TEMP_DECAY_ITERATIONS =   21
ZERO_TEMP_ITREATIONS =    15
RANDOM_STATES =           3
END_PARAMETERS
##############################################################################
clock_duration  =         1.9332
tau =                     0.0375
total_steps =             32
time_step =               0.0015625
best_mc_result =          0.0100032
best_mc_result_non_secondary =          0
evolved_target_dot_squared =  0.989997
distance =          0.946539
j_protocol =  [[0, 0, 0, 0, 0, 0, 0, 0, 0, 0, 0, 0, 0, 0, 0, 0, 0, 0, 0, 0, 0, 0, 0, 0, 0, 0, 0, 0, 0, 0, 0, 0, ],[0, 0, 0, 0, 0, 0, 0, 0, 0, 0, 0, 0, 0, 0, 0, 0, 0, 0, 0, 0, 0, 0, 0, 0, 0, 0, 0, 0, 0, 0, 0, 0, ],]
k_protocol =  [[0, 0, 0, 0, 0, 0, 0, 0, 0, 0, 0, 0, 0, 0, 0, 0, 0, 0, 0, 0, 0, 0, 0, 0, 0, 0, 0, 0, 0, 0, 0, 0, ],[0, 0, 0, 0, 0, 0, 0, 0, 0, 0, 0, 0, 0, 0, 0, 0, 0, 0, 0, 0, 0, 0, 0, 0, 0, 0, 0, 0, 0, 0, 0, 0, ],]
j_protocol_secondary =  [0.0122845, 0.0122845, 0.0178821, 0.0226895, 0.0226895, 0.0329128, 0.0329128, 0.0375, ]
k_protocol_secondary =  [0, 0.00157442, 0.00157442, 0.00264105, 0.00264105, 0.016289, 0.016289, 0.0310845, ]
best_evolved_state = [-0.193564, -0.0253421, -0.643876, -0.0959405, -0.193564, -0.0253421, -0.193564, -0.0253421, -0.643876, -0.0959405, -0.193564, -0.0253421, ]
best_mc_result_fixed_tau =   [0.00957648, 0.00957648, ]
evolved_state_fixed_tau =   [[-0.191132, -0.0341326, -0.638562, -0.129791, -0.191132, -0.0341326, -0.191132, -0.0341326, -0.638562, -0.129791, -0.191132, -0.0341326, ],[-0.191132, -0.0341326, -0.638562, -0.129791, -0.191132, -0.0341326, -0.191132, -0.0341326, -0.638562, -0.129791, -0.191132, -0.0341326, ],]
