START_PARAMETERS
MAX_STEPS_MCDB =               32
MIN_STEPS_MCDB =               4
STEPS_CRUNCH_MCDB =            1
SWEEPS_MCDB =                  50
TOTAL_STEP_CHANGES =                  6
MCBB_SECONDARY =                  1
SWEEPS_MCBB_SECONDARY =                  100
NUMBER_OF_BANGS =                  4
GROUND_E =                -3.49458
INITIAL_E =               -3.44335
j_initial =               0.5
k_initial =               0.5
b_initial =               0
j_target =                0.808
k_target =                0.5
b_target =                0
init_target_dot_squared = 0.989732
init_state = [-0.22985, 0, -0.627963, 0, -0.22985, 0, -0.22985, 0, -0.627963, 0, -0.22985, 0, ]
target_state = [-0.273663, 0, -0.591792, 0, -0.273663, 0, -0.273663, 0, -0.591792, 0, -0.273663, 0, ]
USE_ENERGY_DISTANCE =     false
PERIODIC =                false
UNIFORM_SITES =           true
DEVICE_DIMENSION =        2
MAX_PARAM =               1
MIN_PARAM =               0
MIN_PARAM =               0
DIAG =                    true
NUM_SEEDS =               2
NUMBER_OF_BANGS =               4
DISTANCE_LIMIT =          0.01
TAU_INIT =                0.05
MAX_TAU =                 5
TAU_SCALAR =              1.2
TAU_SCALAR_TINY =         1.1
TAU_SCALAR_BIG =          1.4
ACCEPTANCE_PROB =         0.85
TEMP_EXP_DECAY =          0.8
MIN_TEMP_FRACTION =       0.01
TEMP_DECAY_ITERATIONS =   21
ZERO_TEMP_ITREATIONS =    15
RANDOM_STATES =           3
END_PARAMETERS
##############################################################################
clock_duration  =         2.00229
tau =                     0.025
total_steps =             32
time_step =               0.0015625
best_mc_result =          0.00999805
best_mc_result_non_secondary =          0
evolved_target_dot_squared =  0.990002
distance =          0.97368
j_protocol =  [[0, 0, 0, 0, 0, 0, 0, 0, 0, 0, 0, 0, 0, 0, 0, 0, 0, 0, 0, 0, 0, 0, 0, 0, 0, 0, 0, 0, 0, 0, 0, 0, ],[0, 0, 0, 0, 0, 0, 0, 0, 0, 0, 0, 0, 0, 0, 0, 0, 0, 0, 0, 0, 0, 0, 0, 0, 0, 0, 0, 0, 0, 0, 0, 0, ],]
k_protocol =  [[0, 0, 0, 0, 0, 0, 0, 0, 0, 0, 0, 0, 0, 0, 0, 0, 0, 0, 0, 0, 0, 0, 0, 0, 0, 0, 0, 0, 0, 0, 0, 0, ],[0, 0, 0, 0, 0, 0, 0, 0, 0, 0, 0, 0, 0, 0, 0, 0, 0, 0, 0, 0, 0, 0, 0, 0, 0, 0, 0, 0, 0, 0, 0, 0, ],]
j_protocol_secondary =  [0, 0.000610397, 0.000610397, 0.000718662, 0.000718662, 0.0190883, 0.0245855, 0.0245855, ]
k_protocol_secondary =  [0.00733233, 0.00733233, 0.00955064, 0.0129483, 0.0129483, 0.0145344, 0.0145344, 0.025, ]
best_evolved_state = [-0.229287, -0.0239546, -0.624934, -0.0562529, -0.229287, -0.0239546, -0.229287, -0.0239546, -0.624934, -0.0562529, -0.229287, -0.0239546, ]
best_mc_result_fixed_tau =   [0.00921205, 0.00921303, ]
evolved_state_fixed_tau =   [[-0.227417, -0.0488932, -0.615538, -0.113554, -0.227417, -0.0488932, -0.227417, -0.0488932, -0.615538, -0.113554, -0.227417, -0.0488932, ],[-0.227679, -0.0469547, -0.615904, -0.112148, -0.227679, -0.0469547, -0.227679, -0.0469547, -0.615904, -0.112148, -0.227679, -0.0469547, ],]
