##############################################################
SIMULATIONS PARAMETERS
##############################################################
DIAG=                         false
SEED_TOTAL=                   8
DIFFERENCE_LIMIT_MCBB=        0.005
TAU_INIT_MCBB=                0.03
MAX_TAU_MCBB=                 20
TAU_SCALAR_MCBB=              1.3
CHANGE_FRACTION_MCBB=         0.1
ACCEPTANCE_PROB_MCBB=         0.8
TEMP_EXP_DECAY_MCBB=          0.85
BINARY_SEARCH_TAU_LIMIT_MCBB= 0.0015
RANDOM_STATES_MCBB=           5
NUMBER_OF_BANGS=              5
SWEEPS_MCBB=                  50
TEMP_DECAY_ITERATIONS_MCBB=   30
TEMP_DECAY_LIMIT_MCBB=        10
MAX_TAU_STEPS_MCBB=           25
CONVERGE_LIMITS=             [0.9, 0.92, 0.94, 0.96, 0.98, 1, ]

##############################################################
HAMILTONIAN PARAMETERS
##############################################################
g_initial=        0.10
f_initial=        1.0
g_target=         0.50
f_target=         0.10
j_initial=        0.1
k_initial=        0.9
b_initial=        0
j_target=         0.5
k_target=         0.05
b_target=         0.45
PERIODIC=         true
UNIFORM_SITES=    true
DEVICE_DIMENSION= 2
MAX_PARAM=        1
MIN_PARAM=        0





##############################################################################
##############################################################################
seed =             1
tau =              1.01191

initial_tau=      0
initial_E=        -2.40533
initial_j_times = [0, 0.00558781, 0.00708267, 0.00906998, 0.00939821, 0.0125107, 0.0161645, 0.0200924, 0.0279767, 0.03, ]
initial_k_times = [0, 3.43143e-06, 0.00277016, 0.0116373, 0.011903, 0.0205566, 0.0253893, 0.0299155, 0.0299712, 0.03, ]
initial_b_times = [0, 0.00384373, 0.00440268, 0.0103668, 0.0118974, 0.0125758, 0.0157364, 0.0216097, 0.0280662, 0.03, ]

pre_converge_taus = [0, 0, 0, 0.537648, 0.698943, ]
pre_converge_Es =  [0, 0, 0, -5.9615, -6.02568, ]
pre_converge_j_times = [0, 0, 0, 0, 0, 0, 0, 0, 0, 0, 0, 0, 0, 0, 0, 0, 0, 0, 0, 0, 0, 0, 0, 0, 0, 0, 0, 0, 0, 0, 0, 0.161535, 0.201003, 0.201003, 0.253871, 0.253871, 0.305732, 0.447233, 0.447233, 0.486609, 0, 0.165704, 0.271612, 0.271612, 0.339937, 0.339937, 0.385172, 0.516931, 0.528478, 0.590304, ]
pre_converge_k_times = [0, 0, 0, 0, 0, 0, 0, 0, 0, 0, 0, 0, 0, 0, 0, 0, 0, 0, 0, 0, 0, 0, 0, 0, 0, 0, 0, 0, 0, 0, 0.0134239, 0.13306, 0.13306, 0.243378, 0.243378, 0.360363, 0.360363, 0.506793, 0.506793, 0.537648, 0.00454587, 0.181409, 0.181409, 0.304701, 0.304701, 0.428827, 0.503791, 0.618876, 0.642355, 0.698943, ]
pre_converge_b_times = [0, 0, 0, 0, 0, 0, 0, 0, 0, 0, 0, 0, 0, 0, 0, 0, 0, 0, 0, 0, 0, 0, 0, 0, 0, 0, 0, 0, 0, 0, 0.0418094, 0.0701757, 0.0701757, 0.0998964, 0.104944, 0.104944, 0.104944, 0.247689, 0.41559, 0.494021, 0.0524072, 0.117564, 0.143154, 0.200102, 0.247656, 0.293821, 0.293821, 0.305766, 0.489515, 0.596583, ]

j_times = [0.0570531, 0.214328, 0.31035, 0.31035, 0.416497, 0.496307, 0.502583, 0.635402, 0.691836, 1.01191, ]
k_times = [0.0398312, 0.224272, 0.224272, 0.272294, 0.272294, 0.733745, 0.95046, 0.984849, 0.984849, 1.01191, ]
b_times = [0.102441, 0.454084, 0.545368, 0.60372, 0.688681, 0.690006, 0.690006, 0.734044, 0.734044, 0.758476, ]
j/k/b = [1, 0, 1, 0, 1, 0, 1, 0, 1, 0, ]

times =    [0.03, 0.039, 0.0507, 0.06591, 0.085683, 0.111388, 0.144804, 0.188246, 0.244719, 0.318135, 0.413575, 0.537648, 0.698943, 0.908625, 0.976772, 1.01085, 1.01191, ]
E_best =   [-2.42382, -2.4496, -2.4929, -2.5653, -2.68541, -2.88181, -3.19436, -3.66612, -4.30698, -5.01744, -5.57159, -5.9615, -6.02568, -6.0267, -6.03939, -6.03702, -6.04296, ]
E_ground = [-6.04586, -6.04586, -6.04586, -6.04586, -6.04586, -6.04586, -6.04586, -6.04586, -6.04586, -6.04586, -6.04586, -6.04586, -6.04586, -6.04586, -6.04586, -6.04586, -6.04586, ]
